-133715.373   446.449     0.00    6.89
-133340.749   446.158    -0.78    6.41
-132966.141   447.947     4.78    5.53
-132591.550   449.633     4.50    5.15
-132216.975   450.658     2.74    4.41
-131842.416   451.129     1.26    4.54
-131467.873   451.491     0.97    4.21
-131093.346   450.811    -1.82    4.55
-130718.836   450.833     0.06    4.20
-130344.341   449.926    -2.42    4.32
-129969.863   447.405    -6.73    4.77
-129595.401   444.064    -8.92    4.86
-129220.955   442.015    -5.47    5.00
-128846.525   440.308    -4.56    4.52
-128472.111   438.786    -4.07    5.11
-128097.713   437.229    -4.16    6.18
-127723.331   435.214    -5.38    5.90
-127348.966   431.624    -9.59    6.64
-126974.617   428.333    -8.79    7.04
-126600.283   424.038   -11.48    6.46
-126225.966   419.809   -11.30    5.54
-125851.665   416.205    -9.63    4.56
-125477.380   413.952    -6.02    3.42
-125103.111   412.881    -2.86    3.46
-124728.858   411.508    -3.67    4.11
-124354.622   410.381    -3.01    4.99
-123980.401   407.740    -7.06    5.97
-123606.196   404.190    -9.49    5.54
-123232.008   401.136    -8.16    5.12
-122857.835   399.214    -5.14    4.47
-122483.679   397.624    -4.25    4.72
-122109.539   394.857    -7.40    4.74
-121735.414   393.333    -4.07    4.92
-121361.306   392.333    -2.67    5.16
-120987.214   390.947    -3.71    5.68
-120613.138   389.619    -3.55    5.59
-120239.078   387.950    -4.46    4.26
-119865.034   385.043    -7.77    3.91
-119491.005   383.136    -5.10    4.19
-119116.993   381.048    -5.58    4.05
-118742.997   379.346    -4.55    2.73
-118369.017   377.447    -5.08    3.40
-117995.053   375.950    -4.00    3.54
-117621.105   373.924    -5.42    3.48
-117247.173   371.880    -5.47    3.21
-116871.390   370.578    -3.47    2.81
-116494.257   369.205    -3.64    2.37
-116117.141   368.554    -1.73    2.69
-115740.041   367.694    -2.28    2.87
-115362.957   366.015    -4.45    3.50
-114985.890   364.880    -3.01    3.14
-114608.839   363.633    -3.31    3.00
-114231.804   362.809    -2.19    3.00
-113854.785   360.973    -4.87    3.78
-113477.783   359.601    -3.64    3.32
-113100.797   360.538     2.49    6.05
-112723.827   363.205     7.08    8.53
-112346.873   365.578     6.29    8.48
-111969.936   367.405     4.85    7.81
-111593.015   366.647    -2.01    7.13
-111216.110   364.787    -4.94    5.24
-110839.221   361.671    -8.27    5.80
-110462.349   361.043    -1.67    5.62
-110085.492   360.229    -2.16    6.66
-109708.652   361.024     2.11    6.93
-109331.829   360.415    -1.62    7.06
-108955.021   360.288    -0.34    6.81
-108578.230   357.787    -6.64    7.31
-108201.455   355.601    -5.80    7.51
-107824.696   353.762    -4.88    7.76
-107447.953   349.381   -11.63    8.16
-107071.226   345.740    -9.66    7.95
-106694.516   342.764    -7.90    8.38
-106317.822   338.531   -11.24    8.09
-105941.144   334.229   -11.42    8.04
-105564.482   329.742   -11.91    7.11
-105187.836   326.929    -7.47    4.82
-104811.207   326.345    -1.55    4.07
-104434.593   328.402     5.46    6.41
-104057.996   333.926    14.67   10.69
-103681.415   340.583    17.68   10.62
-103304.850   344.467    10.32    8.47
-102928.301   346.024     4.13    8.98
-102551.769   343.508    -6.68    9.98
-102175.252   340.811    -7.16   10.67
-101798.752   339.205    -4.26   12.07
-101422.268   335.345   -10.25   12.22
-101045.800   335.667     0.85   12.20
-100669.348   336.810     3.04   13.36
-100292.912   335.833    -2.59   13.72
 -99916.492   336.265     1.15   14.66
 -99540.089   335.345    -2.44   14.49
 -99163.701   335.989     1.71   13.88
 -98787.330   339.000     8.00   13.93
 -98410.975   338.764    -0.63   13.03
 -98034.635   337.379    -3.68   11.96
 -97658.312   334.205    -8.43   10.25
 -97282.005   330.019   -11.12    6.69
 -96905.715   327.601    -6.43    4.51
 -96529.440   326.429    -3.12    5.24
 -96153.181   325.714    -1.90    5.28
 -95776.938   324.740    -2.59    5.02
 -95400.712   324.973     0.62    5.35
 -95024.501   325.690     1.91    5.06
 -94648.307   326.694     2.67    4.46
 -94272.128   328.624     5.13    5.72
 -93895.966   333.857    13.91    9.37
 -93519.820   339.601    15.27   11.45
 -93143.689   346.531    18.43   11.24
 -92767.575   351.275    12.61    9.29
 -92391.477   356.182    13.05    7.57
 -92015.395   358.333     5.72    6.83
 -91639.329   356.333    -5.32    6.79
 -91263.278   352.484   -10.24    8.76
 -90887.244   347.391   -13.55    7.93
 -90511.226   342.368   -13.36    5.79
 -90135.224   339.970    -6.38    6.39
 -89759.238   337.765    -5.86    7.94
 -89383.268   335.595    -5.77    8.34
 -89007.314   334.019    -4.19    7.09
 -88631.376   330.857    -8.41    5.41
 -88255.454   328.461    -6.37    5.52
 -87879.548   326.275    -5.82    6.12
 -87503.658   324.976    -3.46    6.46
 -87127.784   325.311     0.89    8.43
 -86751.926   325.286    -0.07    9.23
 -86376.084   325.643     0.95    9.30
 -86000.258   326.926     3.42    9.68
 -85624.447   328.391     3.90    9.68
 -85248.653   330.345     5.20    9.88
 -84872.875   332.429     5.55   10.11
 -84497.113   333.996     4.17    9.08
 -84121.366   336.786     7.42    6.45
 -83745.636   337.929     3.04    3.82
 -83369.921   336.554    -3.66    3.12
 -82994.223   336.248    -0.82    2.24
 -82618.540   337.136     2.36    2.76
 -82242.874   339.004     4.97    3.15
 -81867.223   340.714     4.55    2.89
 -81491.588   340.119    -1.58    3.13
 -81115.969   338.624    -3.98    3.91
 -80740.366   335.048    -9.52    4.92
 -80364.779   332.233    -7.49    4.42
 -79989.208   331.152    -2.88    4.81
 -79613.653   332.785     4.35    6.10
 -79238.113   336.476     9.83    7.21
 -78862.590   340.252    10.06    6.45
 -78487.082   342.071     4.85    4.46
 -78111.591   338.424    -9.71    8.62
 -77736.115   332.936   -14.62   10.00
 -77360.655   327.606   -14.20   10.28
 -76985.211   318.762   -23.56    9.23
 -76609.783   313.019   -15.30    7.82
 -76234.371   308.508   -12.02    7.26
 -75858.974   306.018    -6.63    7.30
 -75483.594   304.720    -3.46    7.74
 -75108.229   304.608    -0.30    9.21
 -74732.880   301.690    -7.77    8.76
 -74357.547   302.089     1.06    9.98
 -73982.230   304.405     6.17   11.11
 -73606.929   306.220     4.84    9.35
 -73231.643   307.449     3.28    8.52
 -72856.374   308.174     1.93    9.25
 -72481.120   309.275     2.93   10.60
 -72105.882   309.926     1.74   13.79
 -71730.660   309.717    -0.56   14.16
 -71355.453   304.939   -12.74   18.74
 -70980.263   301.811    -8.34   18.59
 -70605.088   290.346   -30.56   21.80
 -70229.929   282.024   -22.18   22.07
 -69854.786   282.152     0.34   23.40
 -69479.659   288.500    16.92   27.72
 -69104.547   303.220    39.24   22.56
 -68729.452   310.939    20.58   12.63
 -68354.372   313.856     7.78    5.74
 -67979.308   312.043    -4.84    6.36
 -67604.259   308.311    -9.95    8.46
 -67229.227   306.066    -5.99   10.53
 -66854.210   299.962   -16.28    9.88
 -66479.209   292.402   -20.16    9.67
 -66104.224   287.983   -11.78    9.19
 -65729.254   284.205   -10.08    7.05
 -65354.301   282.182    -5.40    4.60
 -64979.363   282.476     0.78    5.49
 -64604.440   285.311     7.56    5.65
 -64229.534   288.346     8.10    6.46
 -63854.643   292.538    11.18    8.78
 -63479.768   293.262     1.93    9.45
 -63104.909   291.787    -3.94   11.71
 -62730.065   285.048   -17.98   16.30
 -62355.237   277.183   -20.98   20.12
 -61980.425   258.697   -49.32   30.82
 -61605.629   241.908   -44.80   27.11
 -61230.848   230.066   -31.60   32.75
 -60856.083   232.508     6.52   35.60
 -60481.334   235.238     7.29   37.20
 -60106.601   225.089   -27.08   41.58
 -59731.883   232.233    19.07   41.51
 -59357.181   237.601    14.33   44.75
 -58982.494   245.589    21.32   46.22
 -58607.823   257.190    30.96   44.59
 -58233.168   269.476    32.79   36.63
 -57858.529   281.476    32.03   21.18
 -57483.905   285.167     9.85    9.79
 -57109.297   282.143    -8.07   12.98
 -56734.705   279.220    -7.80   16.12
 -56360.128   273.624   -14.94   20.09
 -55985.567   273.624     0.00   16.98
 -55611.022   273.578    -0.12   12.51
 -55236.492   271.345    -5.96   10.47
 -54861.978   268.119    -8.61   10.88
 -54487.479   260.907   -19.26   13.54
 -54112.997   259.357    -4.14   14.02
 -53738.530   257.344    -5.38   16.89
 -53364.078   257.205    -0.37   16.01
 -52989.642   258.992     4.77   16.02
 -52615.222   261.717     7.28   15.55
 -52240.817   266.238    12.08   13.62
 -51866.428   273.619    19.72   10.74
 -51492.055   277.071     9.22    7.78
 -51117.697   274.415    -7.10   10.74
 -50743.355   269.106   -14.18   13.95
 -50369.028   265.996    -8.31   12.37
 -49994.717   264.275    -4.60   11.54
 -49620.422   265.275     2.67   10.79
 -49246.142   265.929     1.75    8.61
 -48871.878   263.548    -6.36    6.84
 -48497.629   261.252    -6.13    8.77
 -48123.396   257.694    -9.51   11.12
 -47749.179   251.500   -16.55   12.44
 -47374.977   246.810   -12.53   11.74
 -47000.791   245.119    -4.52   13.17
 -46626.620   245.558     1.17   15.05
 -46252.465   248.606     8.15   15.49
 -45878.325   247.808    -2.13   19.47
 -45504.201   243.881   -10.50   20.78
 -45130.093   234.286   -25.65   24.10
 -44756.000   226.857   -19.86   22.14
 -44381.922   223.252    -9.64   25.97
 -44007.860   215.269   -21.34   28.45
 -43633.814   205.129   -27.11   29.67
 -43259.783   198.711   -17.16   25.46
 -42885.768   202.881    11.15   28.93
 -42511.768   206.548     9.80   28.71
 -42137.784   211.882    14.26   25.39
 -41761.504   215.833    10.50   23.51
 -41384.413   217.731     5.03   21.65
 -41007.339   229.671    31.67   23.07
 -40630.280   239.764    26.77   15.74
 -40253.237   244.973    13.82   12.06
 -39876.209   248.015     8.07    7.57
 -39499.198   247.886    -0.34    8.10
 -39122.202   247.333    -1.47    8.80
 -38745.222   246.357    -2.59    8.89
 -38368.258   244.740    -4.29    8.31
 -37991.309   242.048    -7.14    7.06
 -37614.377   240.675    -3.64    6.03
 -37237.460   241.788     2.95    6.02
 -36860.558   243.526     4.61    7.04
 -36483.673   247.881    11.56    8.89
 -36106.803   252.538    12.36    7.85
 -35729.949   256.433    10.34    7.54
 -35353.111   258.061     4.32    6.59
 -34976.288   258.782     1.91    6.44
 -34599.482   258.229    -1.47    6.91
 -34222.690   254.554    -9.75    6.17
 -33845.915   251.019    -9.38    5.73
 -33469.155   250.606    -1.10    5.93
 -33092.411   251.702     2.91    6.65
 -32715.683   254.470     7.35    9.60
 -32338.970   258.483    10.65   12.91
 -31962.274   262.265    10.04   19.43
 -31585.592   261.190    -2.85   21.99
 -31208.927   259.526    -4.42   21.84
 -30832.277   255.765    -9.98   19.19
 -30455.643   255.936     0.45   15.34
 -30079.024   259.286     8.89   14.66
 -29702.422   263.924    12.32   15.87
 -29325.835   267.565     9.67   17.08
 -28949.263   270.674     8.26   17.01
 -28572.707   269.570    -2.93   15.05
 -28196.167   269.197    -0.99   15.13
 -27819.643   272.019     7.50   15.66
 -27443.134   276.311    11.40   17.69
 -27066.641   285.902    25.47   21.06
 -26690.163   295.064    24.34   19.38
 -26313.701   304.379    24.74   15.86
 -25937.255   306.108     4.59   15.34
 -25560.824   304.992    -2.96   16.59
 -25184.409   301.143   -10.23   14.46
 -24808.010   296.910   -11.25   12.50
 -24431.626   295.652    -3.34   13.56
 -24055.258   291.885   -10.01   12.39
 -23678.905   292.381     1.32   14.03
 -23302.568   294.461     5.53   14.41
 -22926.247   296.476     5.35   13.92
 -22549.941   300.992    12.00   13.38
 -22173.651   305.570    12.17   12.15
 -21797.377   308.106     6.74   11.35
 -21421.118   309.275     3.11   11.28
 -21044.874   304.578   -12.49   14.07
 -20668.646   300.578   -10.63   14.00
 -20292.434   295.628   -13.16   13.59
 -19916.237   290.856   -12.69   12.99
 -19540.056   284.589   -16.66   14.23
 -19163.891   277.381   -19.16   15.83
 -18787.741   264.881   -33.23   17.96
 -18411.606   254.175   -28.46   14.62
 -18035.488   246.674   -19.94   12.09
 -17659.384   239.965   -17.84   11.49
 -17283.297   230.019   -26.45   19.76
 -16907.224   217.624   -32.96   25.55
 -16531.168   202.881   -39.20   24.82
 -16155.127   193.952   -23.74   20.57
 -15779.101   190.833    -8.29   16.90
 -15403.091   190.833     0.00   17.78
 -15027.096   188.000    -7.54   19.65
 -14651.117   186.833    -3.10   18.07
 -14275.154   181.548   -14.06   21.83
 -13899.206   169.102   -33.11   25.77
 -13523.273   157.561   -30.70   36.44
 -13147.356   143.008   -38.71   37.24
 -12771.455   124.438   -49.40   35.12
 -12395.569   101.252   -61.68   28.51
 -12019.698    83.907   -46.15   28.68
 -11643.843    66.275   -46.91   23.28
 -11268.004    52.908   -35.57   15.87
 -10892.180    46.500   -17.05   11.17
 -10516.371    42.516   -10.60    8.99
 -10140.578    41.298    -3.24    8.92
  -9764.800    40.000    -3.46    8.28
  -9389.038    37.905    -5.58    8.72
  -9013.292    32.571   -14.19    8.67
  -8637.560    26.882   -15.14    5.52
  -8261.845    23.214    -9.76    3.97
  -7886.144    21.265    -5.19    3.66
  -7510.459    19.333    -5.14    4.13
  -7134.790    16.429    -7.73    4.52
  -6759.136    13.973    -6.54    4.91
  -6383.497    11.262    -7.22    2.85
  -6007.874    10.000    -3.36    2.35
  -5632.267    10.182     0.49    2.28
  -5256.674    10.950     2.04    2.08
  -4881.097    11.926     2.60    4.67
  -4505.536    14.601     7.12    6.70
  -4129.990    15.786     3.16    7.06
  -3754.459    15.492    -0.78    6.60
  -3378.944    13.647    -4.91    5.08
  -3003.444    11.717    -5.14    3.45
  -2627.960     9.970    -4.65    2.06
  -2252.491     9.043    -2.47    1.81
  -1877.037     8.926    -0.31    1.74
  -1501.599     8.381    -1.45    2.56
  -1126.176     7.516    -2.30    3.69
   -750.769     6.298    -3.24    4.58
   -375.377     5.742    -1.48    4.88
      0.000     4.857    -2.36    4.49
    375.361     4.561    -0.79    4.13
    750.707     4.548    -0.03    3.70
   1126.038     4.687     0.37    3.42
   1501.353     5.880     3.18    3.01
   1876.653     6.531     1.74    2.71
   2251.938     6.857     0.87    2.62
   2627.207     7.694     2.23    2.20
   3002.461     7.736     0.11    2.15
   3377.699     7.690    -0.12    2.23
   3752.922     7.248    -1.18    1.67
   4128.130     7.322     0.20    1.74
   4503.323     7.175    -0.39    1.74
   4878.500     7.190     0.04    1.64
   5253.662     7.286     0.25    1.71
   5628.809     7.833     1.46    2.01
   6003.940     9.356     4.06    2.95
   6379.056    10.783     3.80    2.75
   6754.156    11.476     1.85    2.84
   7129.242    11.143    -0.89    3.15
   7504.312     9.714    -3.81    3.34
   7879.366     7.992    -4.59    2.39
   8254.406     6.962    -2.75    1.44
   8629.430     6.652    -0.83    0.95
   9004.439     6.565    -0.23    1.14
   9379.433     6.624     0.16    1.21
   9754.411     6.714     0.24    1.33
  10129.374     6.596    -0.31    1.34
  10504.322     6.947     0.93    1.47
  10879.254     6.859    -0.23    1.39
  11254.172     7.143     0.76    1.67
  11629.074     7.368     0.60    1.67
  12003.960     7.524     0.42    1.42
  12378.832     7.356    -0.45    1.21
  12753.688     7.307    -0.13    1.16
  13128.529     7.447     0.37    1.20
  13503.355     7.333    -0.30    1.23
  13878.166     7.717     1.02    1.28
  14252.961     8.159     1.18    1.34
  14627.741     8.167     0.02    1.47
  15002.506     8.879     1.90    1.80
  15377.255     9.372     1.32    2.16
  15751.990     9.786     1.10    2.24
  16126.709    10.950     3.11    2.73
  16501.413    12.687     4.64    3.49
  16876.102    15.561     7.67    4.38
  17250.775    19.372    10.17    4.42
  17625.434    22.902     9.42    4.52
  18000.077    25.857     7.89    3.60
  18374.705    28.905     8.13    3.56
  18749.318    32.119     8.58    4.38
  19123.916    35.028     7.77    4.50
  19498.498    39.220    11.19    4.59
  19873.065    42.233     8.05    4.15
  20247.617    46.690    11.90    5.40
  20622.154    51.810    13.67    6.50
  20996.676    56.952    13.73    7.58
  21371.183    67.578    28.37   19.55
  21745.674    84.391    44.90   39.29
  22120.151   107.619    62.03   48.35
  22494.612   126.738    51.06   45.28
  22869.058   135.950    24.60   40.03
  23243.489   135.786    -0.44   32.21
  23617.904   135.159    -1.67   31.52
  23992.305   138.970    10.18   33.15
  24366.691   143.159    11.19   28.87
  24741.061   149.762    17.64   32.87
  25115.416   158.370    22.99   34.25
  25489.756   176.571    48.62   28.87
  25864.081   186.857    27.48   18.96
  26238.391   189.438     6.90   15.60
  26612.686   185.929    -9.38   16.12
  26986.966   184.356    -4.20   18.73
  27361.230   186.976     7.00   19.81
  27735.480   191.762    12.79   18.52
  28109.714   199.833    21.57   12.66
  28483.933   202.310     6.62   12.51
  28858.137   205.905     9.61   11.73
  29232.326   207.619     4.58   12.24
  29606.500   210.028     6.44   11.62
  29980.659   213.452     9.15   10.96
  30354.803   216.158     7.23   11.51
  30728.932   217.182     2.74   11.33
  31103.046   218.858     4.48    8.24
  31477.145   220.500     4.39    8.30
  31851.228   218.714    -4.77   10.78
  32225.297   219.258     1.45   11.79
  32599.350   224.470    13.93   17.51
  32973.389   233.500    24.14   30.69
  33350.159   248.019    38.54   39.30
  33727.204   259.857    31.39   39.10
  34104.235   273.461    36.08   43.18
  34481.250   287.674    37.70   43.58
  34858.249   301.474    36.60   38.96
  35235.234   312.811    30.07   34.03
  35612.203   315.976     8.40   22.23
  35989.157   308.740   -19.20   22.64
  36366.095   309.368     1.67   21.16
  36743.019   306.754    -6.93   19.30
  37119.927   313.220    17.15   16.67
  37496.819   321.358    21.59   12.68
  37873.697   316.996   -11.57   15.64
  38250.559   310.214   -17.99   20.68
  38627.406   301.321   -23.60   19.77
  39004.238   294.174   -18.96   14.10
  39381.055   291.885    -6.08   11.67
  39757.856   295.786    10.35   11.56
  40134.642   300.531    12.59    5.76
  40511.413   300.955     1.13    5.85
  40888.168   298.379    -6.84    8.13
  41264.909   298.412     0.09    8.62
  41641.634   299.742     3.53    8.75
  42018.344   303.000     8.65    9.45
  42395.038   307.571    12.14    9.59
  42771.718   309.947     6.31   12.03
  43148.382   312.833     7.66   12.18
  43525.031   314.356     4.04   12.97
  43901.665   315.150     2.11   11.73
  44278.284   313.583    -4.16   10.95
  44654.887   314.143     1.49   10.79
  45031.476   315.038     2.38   10.05
  45408.049   318.083     8.09   10.68
  45784.607   320.782     7.17    6.24
  46161.149   321.071     0.77    6.62
  46537.677   320.066    -2.67    6.78
  46914.189   320.483     1.11    5.53
  47290.687   322.561     5.52    5.46
  47667.169   324.412     4.92    4.97
  48043.636   323.833    -1.54    4.91
  48420.087   323.252    -1.54    5.28
  48796.524   324.214     2.56    5.41
  49172.946   324.652     1.16    5.41
  49549.352   325.936     3.41    4.76
  49925.743   325.970     0.09    4.81
  50302.119   326.000     0.08    4.80
  50678.480   326.252     0.67    4.49
  51054.826   326.190    -0.16    4.13
  51431.156   324.192    -5.31    5.19
  51807.472   319.220   -13.21    7.64
  52183.772   314.158   -13.45    7.54
  52560.058   307.929   -16.56    8.54
  52936.328   303.548   -11.64    7.11
  53312.583   300.955    -6.89    4.93
  53688.823   300.356    -1.59    3.88
  54065.048   300.958     1.60    4.39
  54441.258   299.929    -2.74    5.56
  54817.452   299.671    -0.69    6.36
  55193.632   299.048    -1.66    5.36
  55569.797   299.524     1.27    4.20
  55945.946   301.108     4.21    2.86
  56322.080   301.762     1.74    2.54
  56698.200   301.980     0.58    2.32
  57074.304   301.714    -0.71    1.78
  57450.393   301.571    -0.38    1.86
  57826.467   301.500    -0.19    2.18
  58202.526   301.976     1.27    2.91
  58578.570   302.024     0.13    3.72
  58954.599   301.881    -0.38    4.96
  59330.613   300.083    -4.78    8.17
  59706.612   296.833    -8.64   10.28
  60082.596   290.905   -15.77   12.13
  60458.564   285.252   -15.03   14.18
  60834.518   279.102   -16.36   14.69
  61210.457   272.467   -17.65   12.94
  61586.380   267.717   -12.64    8.96
  61962.289   265.833    -5.01    6.69
  62338.183   264.857    -2.60    2.23
  62714.061   265.996     3.03    2.96
  63089.925   268.571     6.85    5.15
  63465.773   272.102     9.39    7.73
  63841.607   281.671    25.46   16.61
  64217.426   293.298    30.94   18.84
  64593.229   303.322    26.67   15.52
  64969.018   310.500    19.10    8.72
  65344.791   310.973     1.26    5.41
  65720.550   307.762    -8.54    5.54
  66096.294   306.810    -2.53    4.89
  66472.022   307.136     0.87    4.99
  66847.736   309.785     7.05    3.78
  67223.435   310.762     2.60    3.23
  67599.118   310.190    -1.52    3.75
  67974.787   309.345    -2.25    3.76
  68350.441   307.810    -4.09    3.47
  68726.080   306.024    -4.75    3.79
  69101.704   305.126    -2.39    3.93
  69477.313   302.881    -5.98    4.15
  69852.907   299.955    -7.79    6.19
  70228.486   296.758    -8.51    7.31
  70604.050   291.764   -13.30    7.83
  70979.599   285.208   -17.45    8.80
  71355.133   279.952   -14.00    8.89
  71730.653   274.833   -13.63    8.86
  72106.157   269.357   -14.58    5.79
  72481.647   265.452   -10.40    5.72
  72857.121   262.628    -7.52    5.24
  73232.581   260.333    -6.11    5.18
  73608.026   257.736    -6.92    3.90
  73983.456   257.252    -1.29    3.63
  74358.870   257.663     1.09    3.48
  74734.271   258.833     3.12    3.23
  75109.656   259.674     2.24    3.08
  75485.026   259.731     0.15    2.15
  75860.381   260.167     1.16    2.40
  76235.722   260.671     1.34    3.11
  76611.047   261.736     2.84    3.66
  76986.358   262.152     1.11    3.54
  77361.654   263.044     2.38    3.71
  77736.935   265.129     5.56    5.16
  78112.201   267.929     7.46    6.55
  78487.452   270.647     7.24    6.50
  78862.689   273.694     8.12    6.16
  79237.910   275.731     5.43    5.91
  79613.117   278.311     6.88    5.75
  79988.309   280.526     5.90    4.27
  80363.486   281.619     2.91    3.32
  80738.648   283.028     3.76    3.61
  81113.795   284.658     4.34    5.01
  81488.928   286.265     4.28    4.40
  81864.045   287.939     4.46    3.91
  82239.148   289.024     2.89    4.12
  82614.236   288.764    -0.69    3.25
  82989.309   289.833     2.85    2.90
  83364.368   291.391     4.15    3.15
  83739.411   291.346    -0.12    2.94
  84114.440   292.143     2.12    2.97
  84489.454   292.492     0.93    3.19
  84864.453   292.429    -0.17    3.25
  85239.438   293.381     2.54    3.76
  85614.407   294.102     1.92    3.57
  85989.362   295.833     4.62    3.34
  86364.302   297.452     4.32    2.64
  86739.227   298.126     1.80    2.34
  87114.138   297.438    -1.84    2.79
  87489.033   297.143    -0.79    2.57
  87863.914   296.102    -2.78    3.19
  88238.780   294.740    -3.63    3.61
  88613.632   293.077    -4.44    3.34
  88988.468   291.500    -4.21    2.87
  89363.290   291.136    -0.97    2.61
  89738.097   290.926    -0.56    2.70
  90112.889   290.764    -0.43    2.56
  90487.667   290.880     0.31    2.84
  90862.430   291.048     0.45    3.29
  91237.178   291.248     0.53    3.13
  91611.911   291.394     0.39    3.50
  91986.630   288.857    -6.77    4.38
  92361.334   287.452    -3.75    4.59
  92736.023   287.199    -0.68    4.62
  93110.697   287.461     0.70    4.87
  93485.357   289.333     5.00    5.19
  93860.002   291.619     6.10    6.35
  94234.632   293.663     5.45    6.98
  94609.248   293.762     0.27    6.61
  94983.849   293.858     0.26    5.85
  95358.435   293.541    -0.85    4.73
  95733.006   293.714     0.46    3.93
  96107.563   295.508     4.79    3.56
  96482.105   297.311     4.81    3.81
  96856.633   299.654     6.26    4.01
  97231.145   301.881     5.95    4.42
  97605.643   303.119     3.31    4.33
  97980.127   304.112     2.65    4.54
  98354.595   305.345     3.29    4.34
  98729.050   306.281     2.50    3.58
  99103.489   306.106    -0.47    3.81
  99477.914   304.608    -4.00    3.83
  99852.324   303.242    -3.65    3.04
 100226.719   304.095     2.28    3.38
 100601.100   304.474     1.01    3.45
 100975.466   305.470     2.66    2.93
 101349.817   305.149    -0.86    3.26
 101724.154   304.643    -1.35    3.58
 102098.476   304.066    -1.54    4.27
 102472.784   302.929    -3.04    3.58
 102847.077   300.492    -6.51    4.65
 103221.355   299.346    -3.06    4.64
 103595.619   296.629    -7.26    4.15
 103969.868   294.150    -6.62    2.77
 104344.102   292.976    -3.14    3.27
 104718.322   291.476    -4.01    2.82
 105092.527   290.565    -2.43    2.44
 105466.718   290.624     0.16    3.26
 105840.894   290.708     0.23    3.69
 106215.055   289.643    -2.85    4.09
 106589.202   288.595    -2.80    3.49
 106963.334   287.619    -2.61    2.99
 107337.452   287.077    -1.45    2.75
 107711.555   288.000     2.47    2.66
 108085.868   288.881     2.35    2.47
 108462.883   289.786     2.40    2.13
 108839.884   290.857     2.84    2.31
 109216.870   292.357     3.98    2.62
 109593.840   293.764     3.73    2.92
 109970.797   294.833     2.84    3.12
 110347.738   295.095     0.69    2.22
 110724.664   295.614     1.38    2.20
 111101.576   296.905     3.42    2.64
 111478.473   298.531     4.31    2.96
 111855.355   300.601     5.49    3.06
 112232.222   302.647     5.43    3.02
 112609.075   304.571     5.11    3.13
 112985.912   306.443     4.97    3.20
 113362.735   308.102     4.40    3.19
 113739.544   309.531     3.79    2.81
 114116.337   310.019     1.30    2.67
 114493.116   310.643     1.65    3.58
 114869.880   311.077     1.15    4.10
 115246.629   312.931     4.92    4.12
 115623.363   314.019     2.89    4.36
 116000.083   314.167     0.39    4.31
 116376.788   314.119    -0.13    3.62
 116753.478   314.508     1.03    3.20
 117130.153   316.345     4.88    3.53
 117506.814   318.762     6.42    4.52
 117883.460   319.952     3.16    3.98
 118260.091   321.119     3.10    3.53
 118636.708   322.190     2.84    3.81
 119013.309   323.297     2.94    4.00
 119389.897   324.308     2.69    4.00
 119766.469   324.614     0.81    4.27
 120143.027   323.980    -1.68    3.76
 120519.570   325.119     3.03    3.88
 120896.098   326.286     3.10    3.15
 121272.611   327.907     4.30    4.24
 121649.110   330.429     6.70    5.73
 122025.594   332.269     4.89    5.70
 122402.064   334.357     5.55    5.67
 122778.519   336.262     5.06    5.71
 123154.959   338.275     5.35    5.67
 123531.384   339.524     3.32    5.15
 123907.795   340.397     2.32    4.87
 124284.191   340.992     1.58    4.31
 124660.572   342.516     4.05    3.66
 125036.939   344.619     5.59    3.92
 125413.291   346.785     5.75    3.90
 125789.629   349.386     6.91    3.71
 126165.952   352.242     7.59    4.40
 126542.260   356.013    10.02    7.17
 126918.553   361.053    13.39    8.16
 127294.832   365.322    11.34    7.50
 127671.096   366.859     4.09    6.17
 128047.346   364.879    -5.26    6.63
 128423.581   362.141    -7.28    7.26
 128799.801   360.136    -5.33    6.30
 129176.007   360.950     2.16    7.01
 129552.198   362.952     5.32    7.70
 129928.374   362.833    -0.32    8.56
 130304.536   362.333    -1.33    8.33
 130680.684   360.879    -3.87    6.95
 131056.816   360.000    -2.34    5.37
 131432.934   360.136     0.36    3.89
 131809.038   361.929     4.77    4.86
 132185.127   363.833     5.06    5.15
 132561.201   365.879     5.44    4.95
 132937.260   367.551     4.45    4.51
 133313.306   369.738     5.81    4.83
 133689.336   372.467     7.26    5.08
 134065.352   374.733     6.03    5.13
 134441.353   378.152     9.09    5.63
 134817.340   380.807     7.06    6.38
 135193.312   380.809     0.01    6.68
 135569.270   379.229    -4.20    6.90
 135945.213   378.272    -2.54    5.65
 136321.142   378.424     0.40    4.87
 136697.056   380.269     4.91    4.33
 137072.955   381.190     2.45    3.37
 137448.840   381.143    -0.13    3.26
 137824.710   380.214    -2.47    3.31
 138200.566   380.167    -0.13    3.28
 138576.408   381.583     3.77    4.34
 138952.234   382.786     3.20    4.03
 139328.046   383.733     2.52    3.77
 139703.844   384.126     1.04    3.30
 140079.627   385.548     3.78    3.95
 140455.396   388.643     8.24    5.61
 140831.150   392.714    10.83    6.35
 141206.890   394.690     5.26    6.62
 141582.615   395.571     2.34    7.71
 141958.326   394.905    -1.77    8.59
 142334.022   393.476    -3.80    7.34
 142709.703   393.345    -0.35    6.23
 143085.371   394.903     4.15    5.99
 143461.023   396.980     5.53    6.06
 143836.661   399.958     7.93    5.01
 144212.285   402.224     6.03    5.15
 144587.894   402.810     1.56    5.75
 144963.489   402.811     0.00    6.61
 145339.069   402.024    -2.09    7.04
 145714.635   400.322    -4.53    6.81
 146090.186   398.881    -3.84    6.39
 146465.723   398.119    -2.03    5.53
 146841.246   397.858    -0.70    4.89
 147216.754   397.833    -0.06    4.05
 147592.247   398.500     1.78    4.26
 147967.726   400.000     3.99    4.38
 148343.191   400.907     2.41    3.84
 148718.641   401.548     1.71    4.24
 149094.077   400.933    -1.64    4.19
 149469.498   401.643     1.89    5.02
 149844.905   403.516     4.99    4.79
 150220.298   404.345     2.21    4.39
 150595.676   405.762     3.77    4.66
 150971.039   405.465    -0.79    4.70
 151346.389   403.424    -5.44    5.27
 151721.723   400.175    -8.66    4.67
 152097.044   398.619    -4.14    4.59
 152472.350   396.809    -4.82    4.24
 152847.641   395.449    -3.62    4.27
 153222.919   393.856    -4.24    3.46
 153598.181   393.654    -0.54    3.57
 153973.430   394.405     2.00    3.99
 154348.664   394.019    -1.03    4.53
 154723.883   392.108    -5.09    4.87
 155099.089   390.288    -4.85    3.65
 155474.280   389.333    -2.54    2.26
 155849.456   390.492     3.09    2.91
 156224.618   391.214     1.92    2.91
 156599.766   391.415     0.53    3.23
 156974.900   389.229    -5.83    4.66
 157350.019   386.423    -7.48    5.07
 157725.123   383.992    -6.48    4.59
 158100.214   382.372    -4.32    3.08
 158475.290   382.881     1.36    4.07
 158850.351   382.785    -0.26    3.93
 159225.399   382.102    -1.82    4.17
 159600.432   381.174    -2.47    4.29
 159975.450   379.623    -4.14    3.03
 160350.455   378.905    -1.91    3.28
 160725.445   378.905     0.00    3.55
 161100.420   378.175    -1.95    3.26
 161475.382   377.857    -0.85    3.20
 161850.329   377.258    -1.60    3.65
 162225.261   376.000    -3.36    3.74
 162600.180   374.785    -3.24    2.85
 162975.084   373.624    -3.10    3.11
 163349.974   372.565    -2.82    2.55
 163724.849   372.357    -0.55    2.46
 164099.710   372.238    -0.32    3.17
 164474.557   373.452     3.24    5.37
 164849.390   373.492     0.11    6.40
 165224.208   373.224    -0.72    6.73
 165599.012   372.071    -3.07    7.15
 165973.802   370.429    -4.38    6.74
 166348.578   367.762    -7.11    4.52
 166723.339   366.667    -2.92    4.36
 167098.086   365.736    -2.48    3.08
 167472.819   364.785    -2.54    3.81
 167847.537   364.833     0.13    4.31
 168222.241   364.786    -0.13    4.46
 168596.931   363.492    -3.45    4.40
 168971.607   361.048    -6.52    3.94
 169346.268   359.321    -4.61    4.12
 169720.915   357.858    -3.90    3.49
 170095.548   356.857    -2.67    3.60
 170470.167   356.358    -1.33    3.70
 170844.772   355.143    -3.24    2.87
 171219.362   354.333    -2.16    1.29
 171593.938   354.286    -0.13    1.27
 171968.500   354.786     1.33    1.29
 172343.047   355.679     2.39    1.69
 172717.581   356.538     2.29    1.84
 173092.100   357.931     3.72    2.50
 173466.605   359.415     3.96    2.62
 173841.095   361.000     4.23    2.37
 174215.572   361.987     2.64    1.84
 174590.034   362.788     2.14    2.85
 174964.482   363.038     0.67    3.32
 175338.916   363.760     1.93    5.21
 175713.336   364.955     3.19    6.48
 176087.742   364.433    -1.39    6.62
 176462.133   362.788    -4.39    7.01
 176836.510   360.623    -5.78    5.62
 177210.873   358.024    -6.94    3.09
 177585.222   356.438    -4.24    4.48
 177959.557   353.905    -6.77    5.58
 178333.877   350.976    -7.82    4.72
 178708.184   349.269    -4.56    4.46
 179082.476   349.738     1.25    5.44
 179456.754   348.858    -2.35    6.30
 179831.018   346.833    -5.41    7.20
 180205.268   343.929    -7.76    5.82
 180579.503   342.119    -4.83    2.31
 180953.725   342.405     0.76    1.63
 181327.932   342.833     1.15    1.59
 181702.125   343.248     1.11    1.45
 182076.304   343.933     1.83    1.74
 182450.469   344.357     1.13    2.02
 182824.620   344.484     0.34    2.10
 183199.479   344.298    -0.50    1.74
 183576.453   343.810    -1.30    1.52
 183953.413   343.233    -1.53    1.34
 184330.358   342.955    -0.74    1.50
 184707.289   342.578    -1.00    1.76
 185084.206   341.881    -1.85    1.86
 185461.108   341.643    -0.63    2.06
 185837.996   341.996     0.94    2.44
 186214.870   342.667     1.78    2.53
 186591.729   343.762     2.91    2.37
 186968.574   344.102     0.90    1.78
 187345.405   344.024    -0.21    1.27
 187722.222   343.762    -0.69    1.33
 188099.024   343.346    -1.10    1.23
 188475.812   342.858    -1.29    1.19
 188852.585   342.589    -0.71    1.28
 189229.345   342.533    -0.15    1.32
 189606.090   342.476    -0.15    1.36
 189982.820   342.643     0.44    1.33
 190359.537   342.955     0.83    1.44
 190736.239   342.571    -1.02    1.33
 191112.927   342.577     0.01    1.27
 191489.600   342.286    -0.77    1.25
 191866.260   342.310     0.06    1.42
 192242.905   342.391     0.22    1.56
 192619.536   343.690     3.45    2.49
 192996.152   344.987     3.44    2.88
 193372.755   345.924     2.49    2.57
 193749.343   346.809     2.35    2.13
 194125.916   346.252    -1.48    2.44
 194502.476   345.150    -2.92    2.46
 194879.021   344.465    -1.82    2.44
 195255.552   345.129     1.76    2.88
 195632.069   344.233    -2.38    3.95
 196008.572   342.955    -3.39    4.29
 196385.060   341.028    -5.12    3.89
 196761.534   340.064    -2.56    2.45
 197137.994   340.833     2.04    2.00
 197514.440   341.269     1.16    1.74
 197890.871   340.810    -1.22    1.96
 198267.289   340.368    -1.17    1.83
 198643.692   340.433     0.17    1.79
 199020.081   341.788     3.60    2.52
 199396.455   343.649     4.94    2.70
 199772.816   345.391     4.63    2.46
 200149.162   346.275     2.35    1.76
 200525.494   345.976    -0.79    1.60
 200901.812   345.742    -0.62    1.72
 201278.116   346.321     1.54    2.15
 201654.405   347.624     3.46    2.26
 202030.681   349.229     4.26    1.77
 202406.942   349.786     1.48    1.31
 202783.189   350.048     0.70    1.12
 203159.422   349.936    -0.30    1.10
 203535.641   348.996    -2.50    1.49
 203911.845   347.883    -2.96    3.17
 204288.036   345.248    -7.00    4.09
 204664.212   343.286    -5.22    2.72
 205040.374   343.516     0.61    2.34
 205416.522   344.667     3.06    2.15
 205792.656   345.783     2.97    1.62
 206168.775   346.394     1.62    1.25
 206544.881   346.619     0.60    1.14
 206920.972   346.785     0.44    1.12
 207297.050   347.190     1.08    1.48
 207673.113   347.996     2.14    1.62
 208049.162   347.808    -0.50    1.59
 208425.197   346.931    -2.33    2.57
 208801.218   346.095    -2.22    2.49
 209177.224   341.810   -11.40    9.86
 209553.217   323.929   -47.55   32.49
 209929.195   296.150   -73.87   46.65
 210305.160   260.308   -95.32   40.71
 210681.110   231.809   -75.79   24.39
 211057.046   216.368   -41.07    9.44
 211432.969   210.066   -16.76    7.24
 211808.877   204.976   -13.54    6.02
 212184.770   200.976   -10.64    6.01
 212560.650   197.053   -10.44    6.13
 212936.516   193.238   -10.15    5.98
 213312.368   189.955    -8.73    5.92
 213688.206   187.048    -7.74    5.52
 214064.029   184.711    -6.22    4.61
 214439.839   184.143    -1.51    4.02
 214815.634   184.658     1.37    3.77
 215191.416   185.357     1.86    4.06
 215567.183   186.883     4.06    3.62
 215942.936   188.500     4.30    3.57
 216318.676   189.833     3.55    3.29
 216694.401   190.903     2.85    2.79
 217070.112   189.929    -2.59    2.90
 217445.809   188.782    -3.05    3.00
 217821.492   187.174    -4.28    3.06
 218197.161   184.858    -6.17    2.58
 218572.816   183.548    -3.49    3.16
 218948.457   183.126    -1.12    4.03
 219324.085   183.254     0.34    4.62
 219699.698   182.470    -2.09    4.74
 220075.297   181.551    -2.44    3.71
 220450.882   180.048    -4.00    3.29
 220826.453   177.492    -6.80    3.51
 221202.010   175.397    -5.58    4.27
 221577.553   173.174    -5.92    4.61
 221953.082   170.833    -6.23    4.75
 222328.597   169.595    -3.30    4.56
 222704.098   169.019    -1.53    4.43
 223079.585   169.248     0.61    3.43
 223455.058   170.333     2.89    3.32
 223830.517   171.675     3.57    3.05
 224205.962   171.071    -1.61    3.60
 224581.393   169.182    -5.03    4.41
 224956.810   167.000    -5.81    3.94
 225332.214   164.048    -7.86    3.38
 225707.603   162.833    -3.23    2.22
 226082.978   161.786    -2.79    2.29
 226458.340   160.633    -3.07    2.71
 226833.687   158.955    -4.47    3.77
 227209.020   157.833    -2.99    4.54
 227584.340   156.565    -3.38    5.33
 227959.646   154.571    -5.31    5.54
 228334.937   153.882    -1.84    5.38
 228710.215   152.858    -2.73    3.72
 229085.479   152.833    -0.06    2.45
 229460.729   154.119     3.43    2.62
 229835.964   155.000     2.35    2.39
 230211.186   155.926     2.47    2.03
 230586.395   157.028     2.94    2.03
 230961.589   158.233     3.21    2.34
 231336.769   159.809     4.20    2.43
 231711.935   161.089     3.41    2.74
 232087.088   161.740     1.74    2.48
 232462.227   162.881     3.04    2.78
 232837.351   164.571     4.51    2.98
 233212.462   166.419     4.92    3.23
 233587.559   168.976     6.82    3.43
 233962.642   171.516     6.77    3.85
 234337.711   174.785     8.71    4.44
 234712.766   177.905     8.32    4.82
 235087.808   182.199    11.45    4.78
 235462.835   185.308     8.29    4.51
 235837.849   188.476     8.45    5.45
 236212.849   191.295     7.52    5.33
 236587.835   191.905     1.63    6.40
 236962.807   192.238     0.89    6.85
 237337.765   192.740     1.34    6.75
 237712.709   192.405    -0.89    6.02
 238087.640   191.939    -1.24    5.04
 238462.556   193.424     3.96    3.65
 238837.459   195.933     6.69    4.66
 239212.348   199.833    10.40    6.14
 239587.223   206.000    16.45    7.37
 239962.085   211.859    15.63    6.52
 240336.932   216.879    13.39    6.18
 240711.766   221.577    12.53    5.67
 241086.586   225.467    10.38    5.92
 241461.392   229.500    10.76    6.20
 241836.184   233.558    10.83    5.71
 242210.962   237.083     9.40    5.75
 242585.727   240.728     9.72    5.77
 242960.478   243.571     7.59    6.32
 243335.215   246.926     8.95    6.31
 243709.938   249.370     6.52    6.04
 244084.647   251.952     6.89    5.71
 244459.343   253.295     3.58    5.82
 244834.025   253.857     1.50    5.37
 245208.693   255.258     3.74    5.13
 245583.347   257.405     5.73    4.86
 245957.988   260.419     8.04    5.10
 246332.614   263.952     9.43    5.08
 246707.227   267.248     8.80    3.81
 247081.826   268.976     4.61    3.55
 247456.412   270.053     2.87    2.82
 247830.983   271.175     2.99    2.44
 248205.541   272.714     4.11    2.65
 248580.085   274.071     3.62    2.92
 248954.616   275.262     3.18    2.65
 249329.133   276.310     2.80    2.28
 249703.635   275.955    -0.95    3.52
 250078.125   272.508    -9.20    6.66
 250452.600   268.492   -10.72    7.16
 250827.062   264.881    -9.64    6.03
 251201.510   262.516    -6.31    2.98
 251575.944   262.429    -0.23    3.36
 251950.364   263.108     1.82    3.40
 252324.771   264.833     4.61    3.46
 252699.164   265.322     1.30    3.03
 253073.544   265.756     1.16    2.88
 253447.909   266.004     0.66    2.45
 253822.261   266.119     0.31    2.41
 254196.599   267.683     4.18    2.65
 254570.924   269.811     5.68    3.47
 254945.235   271.596     4.77    3.16
 255319.532   273.356     4.70    2.84
 255693.815   275.077     4.60    2.49
 256068.085   276.368     3.45    2.53
 256442.341   277.810     3.85    2.19
 256816.584   278.910     2.94    1.86
 257190.812   280.356     3.86    3.20
 257565.027   281.962     4.29    4.12
 257939.229   284.405     6.53    5.00
 258314.620   287.492     8.22    4.46
 258691.553   290.467     7.89    4.85
 259068.473   292.561     5.55    3.62
 259445.379   292.912     0.93    3.27
 259822.272   291.833    -2.86    3.48
 260199.150   289.346    -6.60    3.63
 260576.014   287.248    -5.56    4.20
 260952.865   284.286    -7.86    4.14
 261329.702   282.705    -4.19    3.54
 261706.525   283.736     2.73    5.09
 262083.334   287.048     8.79    6.36
 262460.129   291.224    11.08    6.32
 262836.910   295.214    10.59    3.42
 263213.678   296.126     2.42    2.76
 263590.431   296.467     0.91    2.76
 263967.171   296.883     1.10    2.43
 264343.897   297.262     1.00    2.58
 264720.609   297.711     1.19    2.63
 265097.308   297.929     0.58    2.91
 265473.992   297.931     0.01    3.32
 265850.663   298.283     0.94    3.14
 266227.320   297.565    -1.91    3.26
 266603.963   296.857    -1.88    3.67
 266980.592   295.810    -2.78    3.62
 267357.208   294.286    -4.05    3.69
 267733.810   293.370    -2.43    3.99
 268110.398   292.102    -3.37    3.67
 268486.972   290.880    -3.24    2.84
 268863.532   289.858    -2.71    2.04
 269240.079   288.357    -3.98    2.81
 269616.611   282.907   -14.47   10.72
 269993.130   276.419   -17.23   15.19
 270369.636   267.483   -23.73   17.19
 270746.127   256.687   -28.67   15.15
 271122.605   249.907   -18.01   12.81
 271499.069   244.492   -14.38    9.00
 271875.519   240.905    -9.53    2.61
 272251.955   237.833    -8.16    7.33
 272628.378   237.024    -2.15    9.18
 273004.787   238.833     4.81    7.86
 273381.182   240.810     5.25    4.38
 273757.563   242.452     4.36    1.59
 274133.931   243.167     1.90    2.57
 274510.285   244.667     3.98    6.15
 274886.625   245.295     1.67    6.72
 275262.952   245.833     1.43   13.01
 275639.264   248.980     8.36   24.25
 276015.563   254.601    14.93   29.44
 276391.849   266.595    31.87   26.07
 276768.120   276.939    27.48   17.37
 277144.378   282.152    13.85    9.70
 277520.622   286.033    10.32    3.27
 277896.853   287.548     4.02    2.19
 278273.070   288.429     2.34    1.74
 278649.273   288.885     1.21    1.52
 279025.462   289.856     2.58    1.65
 279401.638   290.756     2.39    1.60
 279777.800   291.248     1.31    1.52
 280153.948   291.714     1.24    1.45
 280530.083   291.987     0.73    1.29
 280906.203   292.061     0.20    1.31
 281282.311   292.412     0.93    1.20
 281658.404   292.492     0.21    1.13
 282034.484   292.310    -0.48    1.21
 282410.550   292.419     0.29    1.20
 282786.603   292.492     0.20    1.26
 283162.642   292.423    -0.18    1.35
 283538.667   292.357    -0.18    1.23
 283914.679   292.214    -0.38    1.31
 284290.677   292.102    -0.30    1.25
 284666.661   292.077    -0.06    1.36
 285042.632   292.158     0.22    1.40
 285418.589   292.048    -0.29    1.49
 285794.532   292.077     0.08    1.32
 286170.462   291.810    -0.71    1.41
 286546.378   291.614    -0.52    1.41
 286922.280   291.175    -1.17    1.70
 287298.169   289.808    -3.63    2.58
 287674.045   287.983    -4.85    3.73
 288049.906   280.102   -20.97   12.71
 288425.754   261.905   -48.40   24.31
 288801.589   245.452   -43.77   25.43
 289177.409   229.524   -42.37   17.51
 289553.217   219.048   -27.87    7.63
 289929.010   216.321    -7.25    6.94
 290304.790   219.638     8.83   15.75
 290680.557   226.370    17.91   22.81
 291056.309   238.357    31.89   25.43
 291432.049   247.004    23.01   21.97
 291807.774   251.524    12.03   15.12
 292183.486   251.443    -0.21   12.48
 292559.185   246.595   -12.90   10.44
 292934.870   241.808   -12.74    7.40
 293310.541   240.214    -4.24    6.73
 293686.199   238.638    -4.19    8.53
 294061.843   234.578   -10.81   11.90
 294437.474   227.310   -19.34   15.18
 294813.091   224.705    -6.93   14.94
 295188.694   224.129    -1.53   13.22
 295564.284   234.785    28.36   13.59
 295939.861   243.643    23.58    7.99
 296315.424   245.346     4.53    6.57
 296690.973   244.439    -2.41    6.89
 297066.509   243.788    -1.73    7.12
 297442.031   243.885     0.26    7.50
 297817.540   246.175     6.10    8.35
 298193.035   249.224     8.12    8.28
 298568.517   250.859     4.35    7.90
 298943.985   252.424     4.17    7.31
 299319.440   252.465     0.11    6.99
 299694.881   252.053    -1.10    6.17
 300070.309   251.238    -2.17    5.18
 300445.723   250.297    -2.51    4.48
 300821.123   248.129    -5.77    5.26
 301196.510   245.756    -6.32    5.74
 301571.884   244.095    -4.42    4.89
 301947.244   243.066    -2.74    4.37
 302322.591   242.028    -2.76    4.04
 302697.924   242.405     1.00    3.74
 303073.244   243.158     2.01    4.35
 303448.550   245.357     5.86    4.58
 303823.843   246.358     2.67    4.30
 304199.122   246.476     0.31    3.73
 304574.388   247.053     1.54    4.62
 304949.640   247.190     0.37    4.52
 305324.879   245.663    -4.07    7.28
 305700.104   241.663   -10.66   10.60
 306075.316   233.809   -20.93   14.08
 306450.515   223.643   -27.09   14.70
 306825.700   215.809   -20.88   13.44
 307200.871   206.048   -26.01   10.11
 307576.029   200.952   -13.58    8.90
 307951.174   196.740   -11.23    6.72
 308326.305   193.786    -7.87    5.83
 308701.423   191.683    -5.60    6.08
 309076.527   188.083    -9.60    6.33
 309451.618   184.077   -10.68    6.48
 309826.696   179.663   -11.77    6.28
 310201.760   175.929    -9.95    5.33
 310576.810   172.214    -9.90    4.42
 310951.848   169.654    -6.83    3.60
 311326.872   168.470    -3.16    4.28
 311701.882   165.467    -8.00    4.17
 312076.879   163.248    -5.92    4.37
 312451.863   159.785    -9.23    4.16
 312826.833   155.885   -10.40    6.18
 313201.790   149.356   -17.41   13.29
 313576.733   140.833   -22.73   19.22
 313951.663   131.262   -25.52   22.38
 314326.580   123.053   -21.89   23.30
 314701.483   117.058   -15.99   21.79
 315076.373   109.788   -19.39   18.97
 315451.250   103.149   -17.70   13.45
 315826.113    98.738   -11.76    4.38
 316200.962    97.595    -3.05    2.71
 316575.799    97.175    -1.12    2.53
 316950.622    97.356     0.48    3.66
 317325.432    99.679     6.20    7.91
 317700.228   102.929     8.67   10.02
 318075.011   101.931    -2.66   11.75
 318449.781    96.762   -13.79   11.47
 318824.537    92.024   -12.64    7.69
 319199.280    89.383    -7.04    4.11
 319574.009    88.638    -1.99    3.76
 319948.726    88.908     0.72    2.26
 320323.429    88.638    -0.72    2.00
 320698.118    89.333     1.85    2.13
 321072.794    90.119     2.10    2.17
 321447.457    90.623     1.34    1.92
 321822.107    91.124     1.34    1.99
