# NaN NaN NaN ;Mean Elev.(m), Avg Gradient(m/km), RMS Gradient(m/km) - SRTM1     
#   37.215  -3.435   6.991 ;Mean Elev.(m), Avg Gradient(m/km), RMS Gradient(m/km) - ASTER GDEM
#   27.450  -3.888   6.400 ;Mean Elev.(m), Avg Gradient(m/km), RMS Gradient(m/km) - GMTED2010 
 11  30.845887  28.468299    30.567    30.614  4 52609.81811869 49.681
 18  30.845433  28.465857    33.141    33.348  7 52854.81822546 33.624
 20  30.846075  28.468955    30.595    30.573  4 52924.81821261 40.165
 21  30.848246  28.469444    35.199    35.151  4 52959.81817964 26.148
 23  30.848424  28.469982    29.661    29.738  4 53029.81817647 45.157
 24  30.847933  28.470453    30.599    30.773  4 53064.81818393 46.284
 26  30.849481  28.469333    32.042    32.042  2 53134.81818379 47.130
 32  30.846558  28.466910    31.822    32.221  6 53344.81820236 31.138
 37  30.847104  28.466875    34.099    34.005  5 53519.81825416 28.485
 42  30.845487  28.468864    30.529    30.039  5 53694.81820243 48.516
 44  30.849054  28.469698    31.970    30.389  3 53764.81809064 29.279
 50  30.844033  28.469602    32.056    32.056  2 53974.81818469 43.000
 52  30.848963  28.470139    34.387    36.020  3 54044.81819853 23.346
 53  30.846582  28.467981    32.803    32.975  6 54079.81819130 26.641
 54  30.848539  28.469219    30.470    30.545  4 54114.81812711 46.255
 56  30.848070  28.470188    32.102    31.217  4 54184.81811785 28.168
 58  30.844717  28.465795    32.196    32.358  3 54254.81817226 40.416
 59  30.846728  28.469360    32.593    32.943  5 54289.81817537 40.076
 60  30.846790  28.469622    32.673    32.701  5 54324.81817282 34.016
 61  30.849361  28.469751    33.553    32.823  3 54359.81812699 28.438
 62  30.845728  28.467355    32.885    32.835  6 54394.81811244 47.150
 63  30.848370  28.470053    34.217    35.577  3 54429.81807699 28.767
 64  30.844915  28.468513    30.444    30.441  5 54464.81809230 46.503
 65  30.847655  28.469434    30.712    30.703  4 54499.81808820 40.489
 66  30.846629  28.467969    35.604    35.576  6 54534.81810653 21.969
 67  30.848659  28.469798    32.131    31.454  4 54569.81809167 37.685
 68  30.846486  28.458925    35.407    35.417  3 54604.81809963 27.145
 69  30.845295  28.467093    32.691    32.926  5 54639.81811100 39.167
 70  30.845652  28.462267    32.140    32.140  2 54674.81811259 50.949
 71  30.849276  28.470099    33.808    33.808  2 54709.81807109 26.308
 72  30.845263  28.463804    33.872    34.968  4 54744.81807981 29.027
 73  30.847542  28.468960    30.817    30.929  5 54779.81805416 44.265
 74  30.843611  28.469304    30.793    30.793  2 54814.81807403 44.168
 75  30.847526  28.467820    34.581    35.316  5 54849.81805316 26.899
 76  30.845304  28.460829    30.607    30.607  2 54884.81807596 43.895
 77  30.846990  28.467930    32.759    32.404  5 54919.81805469 28.816
 80  30.847178  28.469080    32.260    32.222  4 55024.81808787 48.961
 81  30.846174  28.466716    32.021    32.113  5 55059.81808201 33.744
 82  30.847792  28.470243    30.594    30.939  4 55094.81803488 48.206
 83  30.845986  28.462486    31.027    31.027  2 55129.81802253 45.330
 84  30.846914  28.469863    30.810    30.884  4 55164.81799632 44.783
 86  30.847220  28.468096    30.365    30.505  5 55234.81800138 48.218
 87  30.845570  28.466582    31.205    31.225  5 55269.81800952 46.105
 88  30.849534  28.469678    30.965    30.965  2 55304.81798271 44.838
 89  30.846283  28.465061    34.309    34.406  6 55339.81798163 26.060
 90  30.846925  28.468588    32.453    32.429  4 55374.81797386 42.973
 91  30.845279  28.469368    32.457    32.534  5 55409.81799601 31.159
 92  30.846763  28.466894    33.468    33.786  5 55444.81799054 26.939
