# NaN NaN NaN ;Mean Elev.(m), Avg Gradient(m/km), RMS Gradient(m/km) - SRTM1     
#   55.068  -1.657   5.452 ;Mean Elev.(m), Avg Gradient(m/km), RMS Gradient(m/km) - ASTER GDEM
#   26.149  -1.758   4.071 ;Mean Elev.(m), Avg Gradient(m/km), RMS Gradient(m/km) - GMTED2010 
  7    32.199 52469.81815854 36.27  30.826688  28.528463 16.488
  7    31.814 52469.81815919 37.75  30.825818  28.531753 16.488
 10    32.815 52574.81816965 27.06  30.825530  28.524200 19.616
 10    29.649 52574.81817030 27.00  30.824660  28.527490 19.616
 16    31.568 52784.81811277 50.64  30.824198  28.522845 25.409
 16    31.077 52784.81811341 49.30  30.823318  28.526125 25.409
 17    31.275 52819.81818848 31.66  30.824854  28.523692 25.875
 17    31.445 52819.81818913 38.32  30.823984  28.526972 25.875
 18    31.257 52854.81823836 31.92  30.828013  28.531632 18.041
 18    31.279 52854.81823900 34.14  30.827143  28.534922 18.041
 24    30.465 53064.81819715 44.61  30.830081  28.537877 22.931
 24    30.353 53064.81819779 47.48  30.829211  28.541167 22.931
 25    29.817 53099.81820338 29.93  30.826910  28.527922 20.738
 25    29.886 53099.81820402 29.68  30.826040  28.531202 20.738
 26    31.630 53134.81819765 49.84  30.830758  28.540047 26.020
 26    31.038 53134.81819830 52.96  30.829888  28.543337 26.020
 29    31.268 53239.81823586 32.99  30.831862  28.542889 20.429
 29    30.697 53239.81823650 40.17  30.830992  28.546179 20.429
 31    29.565 53309.81824753 46.93  30.824923  28.523534 23.333
 31    29.749 53309.81824817 48.12  30.824043  28.526824 23.333
 32    28.875 53344.81821557 30.99  30.828704  28.534330 14.588
 32    29.184 53344.81821622 33.32  30.827834  28.537620 14.588
 33    31.085 53379.81816443 39.50  30.827224  28.530485 22.052
 33    30.478 53379.81816507 38.88  30.826354  28.533775 22.052
 34    29.459 53414.81819387 51.25  30.830991  28.541366 20.999
 34    28.938 53414.81819452 46.54  30.830121  28.544656 20.999
 35    31.640 53449.81818416 43.54  30.825506  28.527481 26.541
 35    30.914 53449.81818481 45.78  30.824636  28.530771 26.541
 37    34.373 53519.81826770 30.88  30.828820  28.535945 18.220
 37    31.104 53519.81826835 29.40  30.827950  28.539235 18.220
 39    34.107 53589.81823591 26.25  30.833014  28.543329 22.379
 39    31.139 53589.81823655 31.74  30.832144  28.546619 22.379
 39    31.029 53589.81823720 42.06  30.831274  28.549909 22.379
 41    33.350 53659.81823836 23.68  30.826070  28.524075 17.994
 41    29.404 53659.81823900 32.57  30.825200  28.527355 17.994
 41    29.756 53659.81823964 29.44  30.824330  28.530645 17.994
 43    28.940 53729.81813960 52.21  30.832094  28.542282 24.089
 43    28.584 53729.81814025 52.75  30.831224  28.545572 24.089
 44    28.630 53764.81810417 33.98  30.830763  28.538766 18.939
 44    29.048 53764.81810482 33.57  30.829893  28.542056 18.939
 45    30.255 53799.81811025 29.70  30.832141  28.541028 20.634
 45    33.897 53799.81811089 26.42  30.831271  28.544318 20.634
 45    29.091 53799.81811154 33.66  30.830401  28.547608 20.634
 46    30.894 53834.81810830 46.27  30.826582  28.527301 20.949
 46    30.011 53834.81810894 51.16  30.825702  28.530581 20.949
 47    30.568 53869.81816938 37.98  30.826816  28.526607 23.102
 47    31.154 53869.81817003 43.90  30.825946  28.529897 23.102
 48    32.334 53904.81820422 49.29  30.826356  28.526996 25.192
 48    31.723 53904.81820487 52.30  30.825476  28.530286 25.192
 51    30.974 54009.81819195 48.65  30.826713  28.528149 21.040
 51    30.378 54009.81819259 49.23  30.825833  28.531439 21.040
 52    34.962 54044.81821206 18.18  30.830669  28.539206 16.683
 52    34.328 54044.81821271 20.75  30.829799  28.542496 16.683
 53    34.145 54079.81820452 22.84  30.828735  28.535400 15.450
 53    28.687 54079.81820516 30.90  30.827865  28.538690 15.450
 56    34.197 54184.81813107 22.89  30.830221  28.537613 14.392
 56    33.769 54184.81813171 22.74  30.829351  28.540903 14.392
 58    32.821 54254.81818515 39.37  30.827305  28.531576 17.774
 58    31.551 54254.81818580 38.34  30.826435  28.534866 17.774
 59    31.990 54289.81818826 45.54  30.829316  28.535141 19.743
 59    31.216 54289.81818890 50.16  30.828446  28.538431 19.743
 60    31.622 54324.81818571 42.16  30.829378  28.535401 21.136
 60    31.348 54324.81818636 48.43  30.828508  28.538691 21.136
 61    31.164 54359.81814053 31.45  30.831080  28.538822 17.827
 61    31.077 54359.81814118 33.18  30.830210  28.542112 17.827
 63    34.280 54429.81809053 23.68  30.830090  28.539123 15.699
 63    34.243 54429.81809117 25.19  30.829220  28.542413 15.699
 65    33.711 54499.81810142 24.09  30.829803  28.536858 12.797
 65    33.671 54499.81810206 19.90  30.828933  28.540148 12.797
 66    34.397 54534.81811975 26.20  30.828780  28.535392 16.417
 66    34.426 54534.81812039 24.02  30.827910  28.538682 16.417
 68    31.730 54604.81811381 45.60  30.827328  28.531286 19.091
 68    30.861 54604.81811446 49.53  30.826458  28.534576 19.091
 69    31.549 54639.81812389 51.25  30.827883  28.532873 21.808
 69    31.336 54639.81812454 53.11  30.827013  28.536163 21.808
 71    31.108 54709.81808495 29.39  30.830563  28.540815 17.822
 71    31.052 54709.81808560 42.93  30.829693  28.544105 17.822
 72    30.357 54744.81809319 30.55  30.827192  28.532053 15.192
 72    30.236 54744.81809383 33.05  30.826322  28.535343 15.192
 74    29.310 54814.81808628 52.39  30.827064  28.531792 19.074
 74    30.623 54814.81808692 50.13  30.826194  28.535082 19.074
 75    29.161 54849.81806670 30.09  30.829246  28.536891 14.862
 75    29.545 54849.81806735 28.41  30.828376  28.540181 14.862
 78    30.587 54954.81808461 34.67  30.827118  28.527486 16.676
 78    31.269 54954.81808525 36.69  30.826248  28.530776 16.676
 79    31.341 54989.81810831 41.20  30.826160  28.527613 20.284
 79    32.065 54989.81810895 44.79  30.825290  28.530903 20.284
 80    32.656 55024.81810108 44.74  30.829332  28.536504 24.026
 80    32.751 55024.81810173 43.71  30.828462  28.539794 24.026
 82    29.732 55094.81804810 52.64  30.829942  28.537670 20.073
 82    29.551 55094.81804874 52.20  30.829072  28.540960 20.073
 84    31.084 55164.81800953 50.56  30.829069  28.537287 17.235
 84    29.122 55164.81801018 49.12  30.828199  28.540577 17.235
 85    30.017 55199.81802803 51.04  30.826739  28.531183 19.330
 85    29.236 55199.81802867 50.71  30.825869  28.534473 19.330
 88    29.667 55304.81799657 53.42  30.830819  28.540394 20.726
 88    29.635 55304.81799722 50.98  30.829949  28.543684 20.726
 89    34.227 55339.81799485 29.53  30.828434  28.532488 17.374
 89    30.468 55339.81799549 33.35  30.827564  28.535778 17.374
 90    31.132 55374.81798708 47.90  30.829079  28.536013 21.424
 90    31.163 55374.81798772 50.14  30.828209  28.539303 21.424
 92    30.271 55444.81800408 32.44  30.828480  28.535964 15.468
 92    30.342 55444.81800472 33.67  30.827610  28.539254 15.468
 93    34.635 55479.81794060 22.03  30.831276  28.542383 18.335
 93    33.950 55479.81794125 26.09  30.830406  28.545673 18.335
