-220098.062    13.592     0.00    3.78
-219723.523    13.382    -0.56    3.63
-219349.000    13.152    -0.62    3.02
-218974.493    12.818    -0.89    2.77
-218600.002    13.341     1.40    3.07
-218225.527    12.818    -1.40    3.72
-217851.069    13.097     0.75    3.78
-217476.626    13.562     1.24    3.36
-217102.200    14.056     1.32    3.03
-216727.790    15.772     4.58    3.12
-216353.396    17.051     3.42    3.46
-215979.018    18.818     4.72    3.46
-215604.656    20.985     5.79    3.12
-215230.310    23.167     5.83    3.41
-214855.981    25.888     7.27    3.65
-214481.667    28.772     7.71    4.15
-214107.370    32.545    10.08    4.68
-213733.089    36.190     9.74    5.25
-213358.824    40.841    12.43    5.36
-212984.575    45.702    12.99    6.08
-212610.342    50.469    12.74    6.68
-212236.125    54.911    11.87    6.32
-211861.924    59.045    11.05    5.85
-211487.739    62.795    10.02    5.72
-211113.571    67.545    12.70    8.18
-210739.418    75.428    21.07   14.40
-210365.282    88.271    34.33   25.31
-209991.161   108.772    54.81   30.77
-209617.057   125.121    43.71   29.11
-209242.969   137.423    32.89   25.07
-208868.897   144.009    17.61   22.89
-208494.840   156.841    34.31   39.22
-208120.800   176.750    53.24   46.40
-207746.776   192.985    43.41   42.31
-207372.768   203.004    26.79   34.81
-206998.776   195.586   -19.84   29.03
-206624.800   183.342   -32.74   17.22
-206250.840   181.260    -5.57   11.65
-205875.056   176.509   -12.65   13.12
-205497.892   169.539   -18.48   15.92
-205120.744   161.121   -22.33   19.21
-204743.613   156.841   -11.35   19.97
-204366.498   146.866   -26.46   19.93
-203989.399   139.750   -18.87   20.83
-203612.316   129.888   -26.16   19.63
-203235.250   118.985   -28.92   14.51
-202858.200   111.911   -18.76    9.17
-202481.167   108.423    -9.25    4.59
-202104.149   107.702    -1.91    4.61
-201727.148   107.818     0.31    4.34
-201350.163   107.294    -1.39    4.30
-200973.195   107.841     1.45    4.14
-200596.243   109.167     3.52    4.19
-200219.307   109.390     0.59    4.11
-199842.387   109.051    -0.90    3.73
-199465.483   109.068     0.05    4.04
-199088.596   110.705     4.34    5.18
-198711.725   113.961     8.64    7.74
-198334.870   119.353    14.31    9.93
-197958.032   125.532    16.40   11.43
-197581.209   135.250    25.79   19.61
-197204.403   141.818    17.43   19.16
-196827.613   143.818     5.31   16.98
-196450.840   143.632    -0.49   14.65
-196074.082   139.985    -9.68   11.12
-195697.341   136.866    -8.28    8.67
-195320.616   133.307    -9.45    4.28
-194943.907   133.937     1.67    4.52
-194567.214   136.190     5.98    4.67
-194190.538   138.934     7.29    4.82
-193813.878   140.586     4.38    4.42
-193437.233   142.652     5.49    4.36
-193060.606   144.068     3.76    4.11
-192683.994   145.702     4.34    3.87
-192307.398   147.257     4.13    3.78
-191930.819   148.865     4.27    3.42
-191554.256   150.865     5.31    3.44
-191177.709   151.842     2.60    3.70
-190801.178   152.981     3.03    3.18
-190424.663   155.342     6.27    4.36
-190048.164   156.981     4.35    4.44
-189671.682   159.795     7.48    5.80
-189295.215   161.376     4.20    7.07
-188918.765   163.580     5.86    7.85
-188542.331   165.618     5.42   10.46
-188165.913   165.659     0.11    9.05
-187789.511   165.556    -0.27    8.40
-187413.126   165.152    -1.08    7.04
-187036.756   165.437     0.76    5.19
-186660.403   166.413     2.59    4.78
-186284.065   168.097     4.47    4.97
-185907.744   170.175     5.52    5.19
-185531.439   171.772     4.24    5.10
-185155.150   174.493     7.23    4.84
-184778.877   175.961     3.90    4.59
-184402.620   178.562     6.91    4.83
-184026.379   181.027     6.55    5.39
-183650.155   183.748     7.23    4.99
-183273.946   185.675     5.12    5.17
-182897.753   186.074     1.06    5.04
-182521.577   186.390     0.84    4.82
-182145.417   186.318    -0.19    5.37
-181769.272   185.562    -2.01    4.97
-181393.144   184.818    -1.98    5.12
-181017.032   184.469    -0.93    4.38
-180640.935   185.501     2.74    5.01
-180264.855   186.818     3.50    6.12
-179888.791   189.890     8.17    7.10
-179512.743   192.469     6.86    8.15
-179136.711   197.771    14.10   10.72
-178760.695   201.843    10.83   10.70
-178384.695   204.273     6.46    9.87
-178008.711   207.965     9.82    7.63
-177632.743   207.051    -2.43    5.96
-177256.791   207.771     1.91    5.45
-176880.855   209.268     3.98    7.74
-176504.935   213.227    10.53   10.58
-176129.032   220.203    18.56   11.67
-175753.144   226.890    17.79   12.08
-175377.272   228.723     4.88   10.55
-175001.416   228.330    -1.05    8.06
-174625.576   231.516     8.48   10.51
-174249.752   239.293    20.70   14.88
-173873.944   244.318    13.37   13.68
-173498.152   247.306     7.95    9.89
-173122.376   247.121    -0.49    7.29
-172746.616   249.247     5.66    7.62
-172370.872   253.501    11.32    8.40
-171995.144   257.568    10.83    6.56
-171619.432   260.895     8.86    5.86
-171243.735   263.121     5.92    5.80
-170868.055   266.586     9.22    6.08
-170492.391   270.051     9.23    6.86
-170116.742   272.659     6.94    6.57
-169741.110   276.081     9.11    6.46
-169365.493   281.614    14.73    9.97
-168989.893   293.718    32.23   21.87
-168614.308   307.888    37.73   25.08
-168238.739   317.655    26.01   22.02
-167863.186   320.623     7.90   19.57
-167487.650   321.068     1.19   16.56
-167112.129   326.331    14.02   20.66
-166736.623   335.865    25.39   24.01
-166361.134   348.004    32.33   19.06
-165985.661   356.400    22.36   21.89
-165610.204   371.386    39.92   32.98
-165234.762   407.134    95.23   50.21
-164859.336   442.250    93.55   61.78
-164483.927   479.543    99.35   59.96
-164108.533   477.182    -6.29   68.72
-163733.155   451.000   -69.76   75.75
-163357.793   415.536   -94.49   58.57
-162982.446   395.091   -54.48   36.50
-162607.116   387.766   -19.52   22.28
-162231.801   395.773    21.34   25.70
-161856.503   402.865    18.90   26.22
-161481.220   409.841    18.59   25.66
-161105.953   410.455     1.63   23.67
-160730.702   416.536    16.21   21.66
-160355.466   427.818    30.07   22.43
-159980.247   442.257    38.49   33.74
-159605.043   479.655    99.69   57.84
-159229.855   512.004    86.23   53.29
-158854.683   528.043    42.76   40.91
-158479.527   552.523    65.26   37.14
-158104.387   576.002    62.60   50.63
-157729.262   635.682   159.11   92.96
-157354.154   694.190   156.00  120.89
-156979.061   731.307    98.97  125.04
-156603.984   739.702    22.39  123.39
-156228.922   706.793   -87.76  106.68
-155853.877   662.523  -118.05   79.49
-155478.847   620.293  -112.62   54.48
-155103.833   604.009   -43.43   38.18
-154728.835   605.283     3.40   36.44
-154353.852   600.428   -12.95   25.10
-153978.886   600.977     1.47   25.22
-153603.935   601.418     1.18   22.62
-153229.000   598.342    -8.21   23.40
-152854.080   598.532     0.51   22.79
-152479.177   600.675     5.72   17.44
-152104.289   609.532    23.63   18.28
-151729.417   642.550    88.09   61.77
-151354.560   679.545    98.71   79.34
-150979.720   694.696    40.42   77.39
-150604.895   692.074    -7.00   76.43
-150230.086   666.702   -67.70   49.57
-149855.293   648.913   -47.47   20.13
-149480.515   645.004   -10.43   18.10
-149105.753   645.655     1.74   20.22
-148731.007   667.985    59.59   55.38
-148356.276   701.961    90.68   71.82
-147981.561   746.958   120.10   86.19
-147606.862   789.423   113.35   81.38
-147232.179   798.586    24.46   76.97
-146857.511   800.818     5.96   73.82
-146482.859   786.423   -38.43   69.81
-146108.223   774.866   -30.85   57.03
-145733.602   759.556   -40.87   57.87
-145358.998   744.390   -40.49   52.84
-144984.408   726.818   -46.91   42.49
-144609.835   708.121   -49.92   37.28
-144235.277   695.330   -34.15   31.41
-143860.735   683.772   -30.86   26.86
-143486.208   671.062   -33.94   23.80
-143111.697   660.723   -27.61   22.28
-142737.202   649.032   -31.22   14.36
-142362.722   641.023   -21.39    9.79
-141988.259   636.104   -13.14    8.89
-141613.810   630.121   -15.98    9.33
-141239.378   624.675   -14.54    9.98
-140864.961   620.307   -11.67   10.00
-140490.559   616.437   -10.34   10.13
-140116.174   618.294     4.96   15.30
-139741.804   627.080    23.47   23.27
-139367.449   633.080    16.03   25.73
-138993.110   634.366     3.44   26.76
-138618.787   630.721    -9.74   28.96
-138244.479   614.655   -42.92   27.28
-137870.187   599.208   -41.27   15.92
-137495.911   592.841   -17.01   10.80
-137121.650   588.842   -10.69   13.26
-136747.405   586.702    -5.72   13.51
-136373.175   586.934     0.62   14.05
-135998.961   592.543    14.99   20.50
-135624.763   601.545    24.06   20.96
-135250.580   612.818    30.13   17.33
-134876.413   619.413    17.63   13.53
-134502.261   622.190     7.42   20.78
-134128.125   619.911    -6.09   24.91
-133754.004   613.227   -17.87   23.58
-133379.899   606.239   -18.68   20.63
-133005.810   594.568   -31.20   23.55
-132631.736   580.043   -38.83   26.21
-132257.678   568.545   -30.74   23.80
-131883.635   557.353   -29.93   14.50
-131509.608   554.818    -6.78   17.04
-131135.596   550.773   -10.82   18.08
-130759.322   543.741   -18.69   13.92
-130382.203   542.051    -4.48   14.82
-130005.100   538.773    -8.69   13.71
-129628.012   538.461    -0.83   16.17
-129250.940   538.841     1.01   20.59
-128873.884   545.318    17.18   30.33
-128496.843   551.045    15.19   36.38
-128119.819   553.604     6.79   38.58
-127742.810   554.432     2.20   38.28
-127365.817   578.097    62.78   62.24
-126988.840   612.587    91.50   79.08
-126611.879   649.273    97.33   78.45
-126234.933   673.921    65.40   69.18
-125858.003   668.841   -13.48   72.20
-125481.089   671.568     7.24   70.06
-125104.190   669.068    -6.63   59.52
-124727.308   635.886   -88.05   72.83
-124350.441   586.687  -130.56   71.47
-123973.590   563.727   -60.93   58.69
-123596.754   565.772     5.43   55.67
-123219.935   567.307     4.07   51.70
-122843.131   559.477   -20.78   49.19
-122466.343   542.318   -45.55   50.49
-122089.570   514.432   -74.02   51.66
-121712.814   488.888   -67.81   38.34
-121336.073   470.477   -48.87   23.50
-120959.347   463.818   -17.68   15.74
-120582.638   462.844    -2.59   15.91
-120205.944   466.250     9.04   17.00
-119829.266   471.049    12.74   17.84
-119452.603   477.190    16.31   20.36
-119075.956   484.725    20.01   29.00
-118699.325   500.193    41.07   31.53
-118322.710   505.568    14.27   29.21
-117946.110   508.002     6.46   23.77
-117569.526   499.023   -23.85   23.22
-117192.958   487.841   -29.70   21.62
-116816.405   488.376     1.42   31.00
-116439.868   483.409   -13.19   33.84
-116063.347   476.690   -17.85   35.05
-115686.841   477.136     1.19   33.99
-115310.351   471.965   -13.74   25.50
-114933.877   472.795     2.21   27.50
-114557.418   470.247    -6.77   31.17
-114180.975   474.068    10.15   32.93
-113804.547   460.955   -34.84   33.44
-113428.136   442.443   -49.18   37.81
-113051.739   422.282   -53.57   40.18
-112675.359   397.702   -65.31   31.25
-112298.994   383.867   -36.76   22.72
-111922.645   376.409   -19.82   14.98
-111546.311   371.100   -14.11   12.82
-111169.993   370.341    -2.02   15.98
-110793.691   368.214    -5.65   13.68
-110417.404   366.747    -3.90   14.02
-110041.132   365.390    -3.61   14.21
-109664.877   362.443    -7.83   13.14
-109288.637   358.159   -11.39   11.11
-108912.412   356.693    -3.90   10.93
-108536.203   355.247    -3.85   10.27
-108160.010   354.051    -3.18   11.41
-107783.833   351.794    -6.00    8.13
-107407.670   351.250    -1.45    7.31
-107031.524   353.501     5.99    8.80
-106655.393   361.056    20.09   15.95
-106279.278   370.934    26.27   17.33
-105903.178   381.056    26.91   17.14
-105527.093   393.675    33.56   21.57
-105151.025   402.306    22.95   23.53
-104774.972   407.580    14.03   21.94
-104398.934   407.989     1.09   22.29
-104022.912   406.199    -4.76   20.46
-103646.905   398.532   -20.39   23.44
-103270.914   396.652    -5.00   23.70
-102894.939   392.318   -11.53   27.55
-102518.979   388.556   -10.01   22.93
-102143.034   387.864    -1.84   23.92
-101767.106   379.773   -21.52   25.37
-101391.192   363.366   -43.65   22.95
-101015.294   350.390   -34.52   23.10
-100639.412   342.051   -22.19   20.86
-100263.545   332.318   -25.90   16.09
 -99887.694   327.152   -13.75   13.10
 -99511.858   330.493     8.89   15.84
 -99136.037   341.104    28.24   23.71
 -98760.233   352.911    31.42   25.40
 -98384.443   363.485    28.14   18.61
 -98008.669   366.009     6.72   15.86
 -97632.911   357.891   -21.60   16.45
 -97257.168   350.121   -20.68   17.98
 -96881.440   342.655   -19.87   18.04
 -96505.728   334.227   -22.43   15.11
 -96130.032   326.632   -20.22   12.59
 -95754.351   322.062   -12.17   10.77
 -95378.685   313.672   -22.34   12.80
 -95003.035   304.699   -23.89   11.83
 -94627.400   297.144   -20.12   11.36
 -94251.781   289.864   -19.38   10.05
 -93876.177   283.074   -18.08    9.61
 -93500.589   278.723   -11.59    6.58
 -93125.016   275.675    -8.12    5.64
 -92749.458   272.867    -7.48    5.87
 -92373.916   270.723    -5.71    6.94
 -91998.389   266.841   -10.34    6.08
 -91622.878   263.866    -7.92    5.23
 -91247.382   261.214    -7.06    5.06
 -90871.902   258.175    -8.09    4.14
 -90496.437   255.539    -7.02    4.42
 -90120.987   253.632    -5.08    4.32
 -89745.553   251.890    -4.64    3.65
 -89370.134   250.318    -4.19    3.35
 -88994.730   249.330    -2.63    3.48
 -88619.342   248.056    -3.39    3.97
 -88243.970   246.043    -5.36    5.00
 -87868.612   243.795    -5.99    5.89
 -87493.270   239.218   -12.19    5.64
 -87117.944   235.628    -9.57    5.13
 -86742.633   233.056    -6.85    4.51
 -86367.337   230.937    -5.65    3.36
 -85992.056   229.032    -5.08    2.86
 -85616.791   227.895    -3.03    2.91
 -85241.541   227.341    -1.48    2.89
 -84866.307   226.452    -2.37    2.75
 -84491.088   225.865    -1.57    3.15
 -84115.884   224.890    -2.60    2.97
 -83740.696   223.918    -2.59    2.65
 -83365.523   223.159    -2.02    3.42
 -82990.365   222.254    -2.41    3.13
 -82615.223   221.190    -2.84    2.90
 -82240.096   219.027    -5.77    2.97
 -81864.984   217.260    -4.71    3.15
 -81489.888   215.477    -4.75    3.20
 -81114.807   213.871    -4.28    2.85
 -80739.741   212.477    -3.72    2.65
 -80364.690   210.745    -4.62    3.08
 -79989.655   209.214    -4.08    3.27
 -79614.635   207.152    -5.50    3.54
 -79239.631   205.434    -4.58    3.17
 -78864.641   204.068    -3.64    3.40
 -78489.667   202.382    -4.50    3.32
 -78114.709   200.699    -4.49    2.32
 -77739.765   199.705    -2.65    2.62
 -77364.837   199.330    -1.00    3.33
 -76989.924   198.545    -2.09    3.96
 -76615.026   197.344    -3.20    3.29
 -76240.144   196.591    -2.01    3.42
 -75865.277   195.493    -2.93    3.78
 -75490.425   194.260    -3.29    4.35
 -75115.589   192.516    -4.65    3.76
 -74740.767   191.459    -2.82    3.18
 -74365.961   191.341    -0.32    3.42
 -73991.170   191.943     1.61    3.44
 -73616.395   192.961     2.72    3.11
 -73241.634   195.027     5.51    3.69
 -72866.889   198.867    10.25    9.00
 -72492.159   203.539    12.47   12.15
 -72117.445   207.562    10.74   13.47
 -71742.745   208.818     3.35   12.82
 -71368.061   207.747    -2.86    9.96
 -70993.392   207.961     0.57    9.36
 -70618.738   210.652     7.18   11.51
 -70244.099   211.175     1.40   10.11
 -69869.476   212.485     3.50    6.54
 -69494.868   213.413     2.48    3.47
 -69120.275   216.223     7.50    4.24
 -68745.697   220.227    10.69    5.32
 -68371.134   224.937    12.58    6.94
 -67996.587   233.086    21.76    9.68
 -67622.055   244.609    30.77   17.44
 -67247.537   261.342    44.68   23.86
 -66873.035   280.794    51.94   25.83
 -66498.549   297.214    43.85   29.34
 -66124.077   307.795    28.26   28.80
 -65749.621   305.562    -5.96   24.97
 -65375.179   302.539    -8.07   19.37
 -65000.753   302.748     0.56   23.61
 -64626.342   301.167    -4.22   21.22
 -64251.946   302.985     4.86   22.75
 -63877.566   299.461    -9.41   14.86
 -63503.200   295.725    -9.98   12.51
 -63128.850   291.306   -11.81   10.85
 -62754.514   287.175   -11.04    8.60
 -62380.194   286.214    -2.57    6.42
 -62005.889   286.745     1.42    7.08
 -61631.599   290.893    11.08   10.64
 -61257.325   306.699    42.23   26.00
 -60883.065   319.233    33.49   30.19
 -60508.820   328.413    24.53   34.23
 -60134.591   339.937    30.79   37.12
 -59760.377   334.532   -14.44   34.19
 -59386.177   327.056   -19.98   29.90
 -59011.993   321.921   -13.73   23.31
 -58637.824   318.909    -8.05   21.31
 -58263.670   319.135     0.60   22.88
 -57889.531   318.539    -1.59   23.14
 -57515.407   312.009   -17.46   20.89
 -57141.299   302.868   -24.43   17.32
 -56767.205   294.864   -21.40    6.58
 -56393.126   293.357    -4.03    5.83
 -56019.063   293.400     0.11    5.17
 -55642.313   296.330     7.78    6.62
 -55265.239   302.167    15.48   11.07
 -54888.180   309.568    19.63   11.90
 -54511.136   317.739    21.67   13.54
 -54134.108   330.682    34.33   25.58
 -53757.095   350.842    53.48   37.42
 -53380.098   363.725    34.17   34.58
 -53003.116   380.271    43.89   39.30
 -52626.149   392.100    31.38   39.64
 -52249.197   407.773    41.58   38.56
 -51872.261   429.510    57.67   34.24
 -51495.339   439.568    26.68   33.28
 -51118.434   436.390    -8.43   43.66
 -50741.543   415.562   -55.26   73.55
 -50364.668   369.477  -122.29   93.06
 -49987.808   315.254  -143.89   88.16
 -49610.963   275.080  -106.61   66.78
 -49234.134   239.609   -94.13   35.09
 -48857.319   220.568   -50.53   23.51
 -48480.520   208.114   -33.05   19.95
 -48103.737   201.923   -16.43   14.72
 -47726.968   200.886    -2.75   15.15
 -47350.215   202.795     5.07   15.35
 -46973.477   201.958    -2.22   11.29
 -46596.754   199.516    -6.48   14.21
 -46220.047   194.023   -14.58   14.83
 -45843.354   187.773   -16.59   15.56
 -45466.677   180.989   -18.01   15.54
 -45090.015   174.934   -16.07   14.69
 -44713.369   167.867   -18.76   15.68
 -44336.737   160.869   -18.58   16.34
 -43960.121   151.727   -24.28   16.05
 -43583.520   142.266   -25.12   11.48
 -43206.934   137.013   -13.95    9.79
 -42830.364   130.958   -16.08    9.12
 -42453.808   125.306   -15.01    9.51
 -42077.268   119.455   -15.54    8.79
 -41700.743   113.634   -15.46    8.08
 -41324.233   109.032   -12.22    7.03
 -40947.738   105.795    -8.60    6.24
 -40571.259   103.461    -6.20    5.24
 -40194.795   101.032    -6.45    5.24
 -39818.345    98.946    -5.54    4.29
 -39441.911    97.144    -4.79    4.03
 -39065.493    95.556    -4.22    4.01
 -38689.089    95.032    -1.39    3.95
 -38312.700    93.985    -2.78    4.14
 -37936.327    92.086    -5.04    4.94
 -37559.969    92.000    -0.23    6.64
 -37183.625    92.593     1.58    8.15
 -36807.298    95.556     7.87    7.87
 -36430.985    98.461     7.72    6.37
 -36054.687    98.208    -0.67    5.35
 -35678.404    94.353   -10.25    6.12
 -35302.137    91.574    -7.39    6.58
 -34925.885    87.937    -9.67    6.47
 -34549.647    83.509   -11.77    6.81
 -34173.425    80.330    -8.45    6.44
 -33797.218    77.199    -8.32    4.29
 -33421.026    76.152    -2.78    2.94
 -33044.850    75.355    -2.12    2.38
 -32668.688    74.699    -1.74    2.84
 -32292.541    74.051    -1.72    2.47
 -31916.410    73.485    -1.50    2.62
 -31540.293    74.485     2.66    3.93
 -31164.192    75.958     3.92    4.72
 -30788.106    76.532     1.53    4.44
 -30412.034    75.937    -1.58    3.70
 -30035.978    74.913    -2.72    3.38
 -29659.937    73.390    -4.05    2.93
 -29283.911    72.725    -1.77    3.08
 -28907.900    72.051    -1.79    3.39
 -28531.904    71.599    -1.20    3.39
 -28155.924    71.818     0.58    3.59
 -27779.958    72.086     0.71    3.24
 -27404.007    71.911    -0.47    3.81
 -27028.071    71.773    -0.37    3.76
 -26652.151    72.747     2.59    3.80
 -26276.245    74.121     3.65    5.22
 -25900.354    76.721     6.92    6.16
 -25524.479    81.771    13.44    7.98
 -25148.618    87.271    14.63   10.37
 -24772.773    90.818     9.44   11.00
 -24396.942    89.652    -3.10   12.11
 -24021.127    84.725   -13.11   13.74
 -23645.326    77.175   -20.09    9.35
 -23269.541    72.940   -11.27    3.60
 -22893.770    71.961    -2.61    3.48
 -22518.015    71.937    -0.06    3.77
 -22142.274    72.477     1.44    5.56
 -21766.549    73.080     1.61    7.30
 -21390.838    73.509     1.14    7.95
 -21015.143    74.135     1.67    7.54
 -20639.462    76.400     6.03    7.47
 -20263.797    78.623     5.92    7.87
 -19888.146    80.913     6.10    7.97
 -19512.511    85.890    13.25    7.86
 -19136.890    88.293     6.40    6.84
 -18761.284    89.500     3.21    7.17
 -18385.694    92.536     8.08    7.31
 -18010.118    93.913     3.67    8.43
 -17634.557    95.771     4.95    6.80
 -17259.011    96.446     1.80    5.42
 -16883.480    94.144    -6.13    6.66
 -16507.964    90.002   -11.03    7.01
 -16132.463    84.705   -14.11    8.16
 -15756.977    79.013   -15.16    8.43
 -15381.506    74.167   -12.91    8.82
 -15006.049    67.009   -19.07    7.67
 -14630.608    62.716   -11.43    5.60
 -14255.182    62.159    -1.48    6.74
 -13879.770    62.510     0.94    7.85
 -13504.373    62.699     0.50    8.95
 -13128.992    59.750    -7.86   10.87
 -12753.625    55.718   -10.74   12.27
 -12378.273    49.932   -15.42   10.92
 -12002.936    45.081   -12.92    8.52
 -11627.614    40.841   -11.30    7.95
 -11252.307    36.376   -11.90    6.52
 -10877.014    32.934    -9.17    5.36
 -10501.737    29.562    -8.99    4.43
 -10126.474    26.921    -7.04    3.57
  -9751.227    24.977    -5.18    3.74
  -9375.994    23.993    -2.62    4.89
  -9000.776    22.723    -3.39    4.90
  -8625.573    21.672    -2.80    4.87
  -8250.384    19.867    -4.81    3.99
  -7875.211    18.364    -4.01    4.45
  -7500.052    16.266    -5.59    4.77
  -7124.909    13.842    -6.46    5.09
  -6749.780    11.400    -6.51    4.60
  -6374.666     9.723    -4.47    3.11
  -5999.567     8.509    -3.24    1.63
  -5624.482     8.518     0.03    1.52
  -5249.413     8.771     0.67    1.56
  -4874.358     8.940     0.45    1.81
  -4499.318     9.247     0.82    1.74
  -4124.293     8.937    -0.83    1.71
  -3749.283     8.604    -0.89    2.42
  -3374.288     8.413    -0.51    3.79
  -2999.307     7.485    -2.48    4.75
  -2624.341     6.652    -2.22    5.28
  -2249.390     5.867    -2.09    5.32
  -1874.454     5.223    -1.72    5.37
  -1499.533     5.027    -0.52    5.04
  -1124.626     5.027     0.00    4.72
   -749.734     5.208     0.48    4.35
   -374.857     5.672     1.24    4.08
      0.005     5.985     0.83    4.13
    374.853     6.097     0.30    4.10
    749.685     5.699    -1.06    4.26
   1124.503     5.890     0.51    4.12
   1499.306     7.128     3.30    4.28
   1874.095     8.260     3.02    3.53
   2248.868     9.437     3.14    3.51
   2623.627    10.062     1.67    3.24
   2998.371    10.937     2.34    4.64
   3373.101    11.818     2.35    8.02
   3747.815    11.404    -1.11    8.10
   4122.515    11.283    -0.32    8.09
   4497.200    10.818    -1.24    6.32
   4871.871    11.793     2.60    6.00
   5246.527    12.318     1.40    6.85
   5621.168    12.647     0.88    7.24
   5995.794    13.086     1.17    7.21
   6370.405    12.318    -2.05    5.87
   6745.002    12.623     0.81    5.94
   7119.584    13.523     2.40    5.61
   7494.152    15.408     5.03    7.30
   7868.704    17.888     6.62    8.53
   8243.242    19.009     2.99    7.93
   8617.766    17.423    -4.23    6.92
   8992.274    14.376    -8.13    6.34
   9366.768    11.687    -7.18    4.80
   9741.247    10.341    -3.59    3.97
  10115.712     9.049    -3.45    3.18
  10490.162     9.167     0.32    3.77
  10864.597     8.985    -0.49    3.81
  11239.017     8.818    -0.45    3.51
  11613.423     9.023     0.55    2.93
  11987.814     8.634    -1.04    2.64
  12362.191     9.074     1.18    2.88
  12736.553     9.353     0.75    2.80
  13110.900     8.842    -1.37    2.28
  13485.232     8.818    -0.06    1.77
  13859.550     8.639    -0.48    1.52
  14233.854     8.469    -0.45    1.34
  14608.142     8.618     0.40    1.22
  14982.416     8.843     0.60    1.42
  15356.675     9.271     1.14    1.52
  15730.920     9.428     0.42    1.74
  16105.150     9.890     1.23    2.08
  16479.366    10.769     2.35    2.30
  16853.567    11.282     1.37    2.09
  17227.753    11.366     0.23    1.94
  17601.924    11.223    -0.38    1.89
  17976.081    10.818    -1.08    1.86
  18350.224    10.866     0.13    2.28
  18724.352    11.152     0.76    2.64
  19098.634    11.413     0.70    2.52
  19475.681    10.961    -1.20    2.60
  19852.713    10.190    -2.04    2.79
  20229.730     9.679    -1.36    2.82
  20606.732     9.702     0.06    2.99
  20983.720     9.961     0.69    2.33
  21360.692    10.525     1.50    1.94
  21737.650    10.604     0.21    1.65
  22114.593    10.199    -1.07    1.25
  22491.522     9.981    -0.58    1.21
  22868.435     9.890    -0.24    1.58
  23245.334    10.051     0.43    1.77
  23622.218    10.294     0.65    1.94
  23999.087    10.580     0.76    2.03
  24375.941    11.400     2.17    2.49
  24752.780    11.745     0.92    2.62
  25129.605    11.842     0.26    2.79
  25506.415    12.013     0.45    2.87
  25883.210    12.485     1.25    3.27
  26259.991    13.237     2.00    4.04
  26636.756    13.937     1.86    4.05
  27013.507    14.961     2.72    4.08
  27390.243    15.890     2.46    4.41
  27766.964    17.721     4.86    5.12
  28143.671    21.168     9.15    7.07
  28520.363    24.342     8.43    6.83
  28897.040    27.257     7.74    5.23
  29273.702    28.437     3.13    4.68
  29650.349    27.623    -2.16    4.07
  30026.982    26.018    -4.26    4.58
  30403.600    24.556    -3.88    4.62
  30780.204    23.143    -3.75    4.49
  31156.792    21.771    -3.64    4.27
  31533.366    19.652    -5.63    3.66
  31909.925    17.985    -4.43    3.36
  32286.470    16.413    -4.17    2.71
  32662.999    15.203    -3.22    2.79
  33039.514    12.705    -6.64    5.03
  33416.015    10.111    -6.89    5.71
  33792.500     8.772    -3.56    5.38
  34168.971     8.390    -1.01    5.11
  34545.428     9.608     3.24    4.79
  34921.869    11.477     4.97    4.24
  35298.296    13.477     5.31    2.20
  35674.708    13.842     0.97    1.47
  36051.105    14.038     0.52    1.42
  36427.488    13.895    -0.38    1.48
  36803.856    13.500    -1.05    1.47
  37180.210    13.510     0.03    1.72
  37556.549    13.175    -0.89    1.91
  37932.873    13.307     0.35    1.97
  38309.182    13.018    -0.77    1.80
  38685.477    12.659    -0.95    1.46
  39061.757    12.950     0.77    1.60
  39438.022    13.205     0.68    1.74
  39814.273    13.485     0.74    1.88
  40190.510    13.485     0.00    1.98
  40566.731    13.523     0.10    1.65
  40942.938    13.587     0.17    1.65
  41319.130    13.955     0.98    1.49
  41695.308    14.282     0.87    1.23
  42071.471    14.493     0.56    1.27
  42447.619    14.652     0.42    1.31
  42823.753    14.818     0.44    1.49
  43199.872    14.727    -0.24    1.63
  43575.977    14.608    -0.32    1.80
  43952.067    14.604    -0.01    1.68
  44328.142    14.485    -0.32    1.76
  44704.203    14.769     0.76    1.70
  45080.249    15.068     0.79    1.57
  45456.281    14.950    -0.31    1.56
  45832.298    15.080     0.35    1.52
  46208.300    15.260     0.48    1.37
  46584.288    15.038    -0.59    1.11
  46960.261    15.247     0.56    1.27
  47336.220    15.869     1.66    1.75
  47712.164    16.818     2.52    2.27
  48088.093    18.330     4.02    2.58
  48464.008    19.913     4.21    2.98
  48839.909    21.937     5.38    2.51
  49215.795    23.745     4.81    3.70
  49591.666    26.794     8.11    4.90
  49967.523    29.355     6.81    4.64
  50343.365    32.961     9.59    4.97
  50719.193    36.913    10.52    5.56
  51095.006    40.699    10.07    6.80
  51470.804    47.104    17.04    8.63
  51846.588    52.027    13.10    9.27
  52222.358    58.366    16.87    9.82
  52598.113    63.593    13.91    8.16
  52973.853    68.009    11.75    7.29
  53349.579    70.376     6.30    6.70
  53725.291    72.772     6.38    6.19
  54100.988    75.485     7.22    5.72
  54476.670    77.168     4.48    6.16
  54852.338    79.866     7.18    7.60
  55227.991    84.934    13.49    8.93
  55603.630    89.556    12.30    9.10
  55979.255    94.271    12.55    8.08
  56354.864    97.699     9.13    9.47
  56730.460   103.199    14.64   10.36
  57106.041   108.843    15.03   10.19
  57481.607   114.501    15.07   10.24
  57857.159   119.868    14.29   10.37
  58232.697   123.985    10.96   10.53
  58608.220   128.890    13.06   10.48
  58983.729   130.985     5.58   11.63
  59359.223   135.771    12.74   11.81
  59734.702   138.587     7.50   12.43
  60110.168   146.144    20.12   17.58
  60485.618   160.599    38.50   22.75
  60861.055   170.772    27.10   22.36
  61236.477   179.818    24.10   17.55
  61611.884   185.923    16.26   21.43
  61987.277   199.864    37.13   26.69
  62362.656   219.843    53.22   43.05
  62738.020   247.452    73.55   57.58
  63113.369   284.675    99.16   64.31
  63488.705   307.485    60.77   53.88
  63864.026   299.591   -21.03   57.59
  64239.332   268.305   -83.36   66.24
  64614.624   234.271   -90.68   39.51
  64989.902   225.841   -22.46   29.67
  65365.165   232.184    16.90   33.48
  65740.414   229.455    -7.27   29.43
  66115.648   220.844   -22.94   27.09
  66490.868   210.159   -28.48   20.60
  66866.074   204.961   -13.85   12.80
  67241.265   213.307    22.24   21.26
  67616.442   216.747     9.17   19.93
  67991.604   218.152     3.74   19.07
  68366.753   215.841    -6.16   16.06
  68741.886   212.476    -8.97   11.80
  69117.006   218.128    15.07   14.94
  69492.111   229.985    31.61   24.03
  69867.201   246.501    44.03   35.17
  70242.278   277.400    82.37   57.00
  70617.339   310.510    88.28   75.24
  70992.387   342.794    86.07   89.40
  71367.420   375.307    86.69   99.90
  71742.439   374.404    -2.41   89.57
  72117.444   338.306   -96.25  109.94
  72492.434   271.623  -177.82  125.30
  72867.410   193.599  -208.07  108.84
  73242.371   130.580  -168.06   52.91
  73617.318   105.318   -67.37   26.26
  73992.251    92.580   -33.97   22.05
  74367.170    87.556   -13.40   22.94
  74742.074    93.655    16.27   31.07
  75116.964    95.516     4.96   31.70
  75491.839    94.580    -2.50   31.42
  75866.701    94.208    -0.99   30.49
  76241.548    75.745   -49.25   27.50
  76616.380    59.699   -42.81   22.58
  76991.199    47.842   -31.63   17.11
  77366.003    38.961   -23.69   12.09
  77740.793    33.675   -14.10    8.19
  78115.568    32.745    -2.48    7.73
  78490.329    31.867    -2.34    7.54
  78865.076    31.699    -0.45    7.86
  79239.809    32.477     2.07    8.29
  79614.527    32.721     0.65    9.56
  79989.232    30.965    -4.69    9.04
  80363.921    28.593    -6.33    8.71
  80738.597    25.702    -7.72    7.07
  81113.258    22.408    -8.79    4.33
  81487.905    20.342    -5.51    3.36
  81862.538    19.009    -3.56    2.70
  82237.157    18.516    -1.32    2.47
  82611.761    18.167    -0.93    2.55
  82986.351    18.029    -0.37    2.60
  83360.927    17.659    -0.99    2.55
  83735.489    17.368    -0.78    2.34
  84110.036    17.159    -0.56    2.13
  84484.569    16.699    -1.23    1.85
  84859.088    16.510    -0.50    1.85
  85233.593    16.568     0.15    1.67
  85608.084    16.972     1.08    1.50
  85982.560    17.330     0.96    1.83
  86357.022    17.562     0.62    2.43
  86731.470    17.306    -0.68    3.02
  87105.903    16.523    -2.09    3.66
  87480.323    15.536    -2.63    3.73
  87854.728    14.485    -2.81    3.49
  88229.119    14.958     1.26    4.79
  88603.496    15.556     1.60    5.23
  88977.859    15.294    -0.70    4.90
  89352.207    15.193    -0.27    4.63
  89726.542    15.437     0.65    4.34
  90100.862    15.418    -0.05    4.04
  90475.168    16.330     2.44    3.72
  90849.460    17.271     2.51    2.66
  91223.737    17.866     1.59    1.65
  91598.001    17.794    -0.19    1.33
  91972.250    17.609    -0.50    1.39
  92346.485    17.550    -0.16    1.36
  92720.706    17.318    -0.62    1.32
  93094.913    17.404     0.23    1.77
  93469.106    18.539     3.03    2.79
  93843.284    20.159     4.33    3.46
  94218.111    22.056     5.06    3.86
  94595.115    24.121     5.47    3.62
  94972.104    26.672     6.77    3.81
  95349.078    29.747     8.16    4.77
  95726.039    32.477     7.24    4.88
  96102.985    35.056     6.84    4.12
  96479.916    36.745     4.48    3.30
  96856.834    38.672     5.11    3.10
  97233.737    40.393     4.57    2.91
  97610.625    42.769     6.30    3.18
  97987.499    44.769     5.31    3.29
  98364.359    46.866     5.56    3.47
  98741.205    48.747     4.99    3.06
  99118.036    50.721     5.24    2.98
  99494.853    52.437     4.56    2.89
  99871.656    53.968     4.06    2.58
 100248.444    55.532     4.15    2.63
 100625.218    57.247     4.55    2.37
 101001.978    58.818     4.17    2.25
 101378.723    60.628     4.80    2.83
 101755.454    62.562     5.13    2.54
 102132.171    64.469     5.06    2.29
 102508.874    66.184     4.55    2.20
 102885.562    67.795     4.28    2.12
 103262.236    69.818     5.37    2.21
 103638.896    71.213     3.70    2.09
 104015.541    72.773     4.14    2.02
 104392.172    74.550     4.72    1.99
 104768.789    76.009     3.87    2.05
 105145.391    77.404     3.70    1.77
 105521.980    78.767     3.62    1.89
 105898.554    80.227     3.88    2.27
 106275.114    81.844     4.29    2.37
 106651.659    82.985     3.03    2.19
 107028.190    84.556     4.17    2.49
 107404.708    85.818     3.35    2.65
 107781.210    86.727     2.41    2.52
 108157.699    88.562     4.87    2.21
 108534.173    89.818     3.34    2.95
 108910.633    90.271     1.20    2.95
 109287.079    89.918    -0.94    3.28
 109663.511    90.205     0.76    3.39
 110039.928    90.081    -0.33    2.90
 110416.331    90.027    -0.14    2.70
 110792.720    90.865     2.22    2.71
 111169.095    91.747     2.34    2.63
 111545.456    92.818     2.85    3.07
 111921.802    93.331     1.36    2.89
 112298.134    93.159    -0.46    3.23
 112674.452    92.769    -1.04    3.03
 113050.756    92.675    -0.25    2.50
 113427.046    93.032     0.95    1.99
 113803.321    94.543     4.01    2.26
 114179.582    96.307     4.69    2.58
 114555.829    98.043     4.62    2.18
 114932.062    99.257     3.23    2.12
 115308.281   100.672     3.76    2.21
 115684.485   101.989     3.50    2.23
 116060.676   103.461     3.91    2.17
 116436.852   105.038     4.19    2.25
 116813.014   106.647     4.28    2.23
 117189.162   108.366     4.57    2.54
 117565.295   110.104     4.62    2.72
 117941.415   111.916     4.82    2.61
 118317.520   113.318     3.73    2.29
 118693.612   114.452     3.02    2.14
 119069.689   115.428     2.59    2.43
 119445.752   116.675     3.32    2.38
 119821.801   117.842     3.10    2.65
 120197.835   119.175     3.55    2.99
 120573.856   120.647     3.91    2.77
 120949.862   121.940     3.44    2.93
 121325.855   123.355     3.76    2.78
 121701.833   124.632     3.40    2.93
 122077.797   126.509     4.99    3.04
 122453.747   128.509     5.32    3.40
 122829.683   130.866     6.27    3.56
 123205.605   133.390     6.71    3.42
 123581.513   135.623     5.94    3.53
 123957.406   137.550     5.13    3.29
 124333.286   139.368     4.84    3.48
 124709.151   141.282     5.09    3.39
 125085.003   142.699     3.77    3.27
 125460.840   144.233     4.08    3.81
 125836.663   145.913     4.47    3.72
 126212.472   147.536     4.32    3.76
 126588.267   149.958     6.44    3.79
 126964.048   152.550     6.90    3.92
 127339.815   154.586     5.42    4.53
 127715.568   157.128     6.76    4.59
 128091.307   159.134     5.34    4.39
 128467.032   161.636     6.66    4.31
 128842.742   163.501     4.96    3.94
 129218.439   164.623     2.99    4.35
 129594.122   165.428     2.14    4.44
 129969.790   166.562     3.02    4.92
 130345.445   168.250     4.49    5.17
 130721.085   169.818     4.17    3.84
 131096.712   169.675    -0.38    3.39
 131472.324   169.260    -1.11    3.25
 131847.923   168.493    -2.04    3.01
 132223.507   167.705    -2.10    2.94
 132599.078   166.608    -2.92    2.81
 132974.634   164.307    -6.13    4.12
 133350.176   160.628    -9.80    5.02
 133725.705   157.485    -8.37    4.57
 134101.219   155.545    -5.16    3.22
 134476.720   155.895     0.93    3.23
 134852.206   157.390     3.98    3.69
 135227.678   159.038     4.39    3.77
 135603.137   159.890     2.27    3.54
 135978.581   160.913     2.73    4.30
 136354.012   161.943     2.74    3.80
 136729.428   163.051     2.95    3.96
 137104.831   164.518     3.91    4.23
 137480.219   165.989     3.92    3.83
 137855.594   167.257     3.38    3.99
 138230.954   167.574     0.84    3.77
 138606.301   167.699     0.33    4.77
 138981.633   168.104     1.08    6.29
 139356.952   170.093     5.30    6.89
 139732.257   175.013    13.11   10.75
 140107.548   190.628    41.60   28.31
 140482.825   220.104    78.54   52.00
 140858.088   258.366   101.95   68.65
 141233.337   296.794   102.40   65.44
 141608.572   319.468    60.42   65.00
 141983.793   330.306    28.88   64.04
 142359.000   337.376    18.84   64.78
 142734.193   345.867    22.63   63.42
 143109.373   352.771    18.40   60.83
 143484.538   356.913    11.04   58.88
 143859.690   328.989   -74.43   71.09
 144234.827   294.668   -91.48   64.97
 144609.951   272.282   -59.67   51.06
 144985.061   271.393    -2.37   45.28
 145360.157   301.532    80.34   60.92
 145735.239   316.461    39.80   59.02
 146110.307   317.532     2.86   62.64
 146485.361   308.556   -23.93   61.54
 146860.401   297.228   -30.20   49.97
 147235.428   316.330    50.93   51.36
 147610.440   338.111    58.07   50.63
 147985.439   362.353    64.64   40.46
 148360.424   379.599    45.98   29.18
 148735.395   390.134    28.09   25.32
 149110.352   400.159    26.73   25.04
 149485.295   411.268    29.63   21.47
 149860.224   418.532    19.37   18.47
 150235.140   422.379    10.26   24.37
 150610.042   425.716     8.90   30.41
 150984.929   425.341    -1.00   34.75
 151359.803   427.921     6.88   33.37
 151734.663   423.135   -12.76   37.50
 152109.510   409.911   -35.27   46.30
 152484.342   389.696   -53.92   55.63
 152859.161   360.114   -78.92   66.41
 153233.966   334.664   -67.89   63.44
 153608.756   310.152   -65.40   58.00
 153983.534   293.342   -44.85   49.46
 154358.297   288.913   -11.82   40.55
 154733.046   295.223    16.83   49.36
 155107.782   314.143    50.48   55.36
 155482.504   336.652    60.06   58.68
 155857.212   359.193    60.15   60.20
 156231.906   382.428    62.00   51.95
 156606.587   413.135    81.95   45.59
 156981.253   431.390    48.72   37.12
 157355.906   452.038    55.11   16.16
 157730.545   459.121    18.90    8.29
 158105.171   464.257    13.71    6.39
 158479.782   467.293     8.10    5.76
 158854.380   468.916     4.33    5.70
 159228.964   468.260    -1.75    5.46
 159603.534   466.318    -5.18    8.60
 159978.091   464.842    -3.94    9.83
 160352.633   460.696   -11.07   21.46
 160727.162   463.501     7.49   17.64
 161101.677   464.184     1.82   20.18
 161476.179   466.032     4.94   21.02
 161850.666   467.769     4.64   24.20
 162225.140   466.404    -3.65   26.91
 162599.600   463.989    -6.45   24.82
 162974.047   449.093   -39.78   40.70
 163348.479   434.985   -37.67   48.30
 163722.898   415.434   -52.21   52.20
 164097.303   399.818   -41.70   55.50
 164471.695   387.747   -32.24   50.49
 164846.073   377.199   -28.17   46.15
 165220.437   370.074   -19.03   35.16
 165594.787   366.687    -9.05   26.47
 165969.123   364.477    -5.90   18.36
 166343.446   363.843    -1.69   14.03
 166717.756   363.725    -0.32   14.15
 167092.051   371.842    21.68   20.60
 167466.333   380.305    22.61   20.14
 167840.601   385.773    14.61   15.90
 168214.855   388.536     7.38   10.94
 168589.096   385.184    -8.96    8.55
 168963.323   382.937    -6.00    7.56
 169338.676   383.111     0.46   11.99
 169715.641   387.864    12.61   14.74
 170092.592   393.608    15.24   13.07
 170469.529   395.223     4.28    9.19
 170846.452   392.675    -6.76    9.76
 171223.361   389.672    -7.97    8.00
 171600.256   387.532    -5.68    7.25
 171977.138   385.254    -6.04   11.10
 172354.005   384.437    -2.17   10.86
 172730.859   381.428    -7.98   13.93
 173107.699   383.989     6.80   12.19
 173484.525   383.257    -1.94   15.64
 173861.337   375.618   -20.27   28.60
 174238.135   365.769   -26.13   36.41
 174614.920   357.128   -22.93   42.76
 174991.690   337.725   -51.49   48.50
 175368.447   323.306   -38.27   48.58
 175745.190   308.032   -40.54   45.47
 176121.919   299.818   -21.80   46.62
 176498.634   292.443   -19.57   46.51
 176875.335   283.355   -24.12   48.47
 177252.023   275.009   -22.15   44.46
 177628.697   258.725   -43.22   34.72
 178005.357   244.318   -38.24   28.46
 178382.003   233.461   -28.82   20.27
 178758.635   225.135   -22.10   18.06
 179135.253   219.747   -14.31   19.07
 179511.858   215.769   -10.56   15.23
 179888.449   212.175    -9.54   12.21
 180265.026   213.965     4.75   14.83
 180641.589   218.294    11.50   23.93
 181018.138   226.443    21.64   35.26
 181394.674   229.940     9.29   37.08
 181771.196   223.743   -16.46   34.02
 182147.704   220.233    -9.32   27.42
 182524.198   210.794   -25.07   20.41
 182900.679   203.294   -19.92   15.44
 183277.145   197.152   -16.31   11.30
 183653.598   191.716   -14.44    9.43
 184030.038   188.934    -7.39    9.08
 184406.463   185.501    -9.12    8.24
 184782.875   182.167    -8.86    8.84
 185159.272   178.294   -10.29    8.39
 185535.657   174.529   -10.00    7.87
 185912.027   170.545   -10.58    7.82
 186288.384   165.769   -12.69    6.41
 186664.726   163.461    -6.13    6.61
 187041.056   161.940    -4.04    8.04
 187417.371   160.055    -5.01    8.49
 187793.673   159.636    -1.11    8.75
 188169.961   158.408    -3.26    6.81
 188546.235   157.985    -1.12    6.23
 188922.495   158.086     0.27    4.18
 189298.742   157.408    -1.80    3.59
 189674.975   156.886    -1.39    3.18
 190051.194   156.895     0.02    2.30
 190427.400   157.379     1.29    2.19
 190803.592   158.652     3.38    2.80
 191179.770   160.068     3.77    2.90
 191555.935   161.477     3.75    2.80
 191932.085   162.634     3.07    2.52
 192308.222   163.604     2.58    2.68
 192684.346   164.562     2.55    2.72
 193060.456   165.184     1.65    2.81
 193436.552   165.981     2.12    2.93
 193812.634   166.793     2.16    2.90
 194188.703   166.913     0.32    3.11
 194564.758   166.890    -0.06    3.16
 194940.799   167.485     1.58    2.53
 195316.826   167.208    -0.74    2.73
 195692.840   167.443     0.62    2.58
 196068.841   167.086    -0.95    2.50
 196444.827   166.943    -0.38    2.94
 196820.800   166.574    -0.98    2.62
 197196.760   165.867    -1.88    2.77
 197572.705   166.080     0.57    2.60
 197948.638   167.013     2.48    2.77
 198324.556   168.628     4.29    3.23
 198700.461   171.160     6.73    3.60
 199076.352   174.532     8.97    4.26
 199452.229   178.056     9.37    4.94
 199828.093   181.911    10.25    5.40
 200203.944   185.652     9.95    5.75
 200579.780   188.981     8.86    7.73
 200955.603   192.208     8.59    9.70
 201331.413   195.693     9.27    9.40
 201707.208   201.623    15.78   13.55
 202082.990   218.038    43.67   29.26
 202458.759   236.965    50.36   34.79
 202834.514   254.501    46.66   34.66
 203210.255   251.574    -7.79   34.78
 203585.983   236.100   -41.18   29.40
 203961.697   228.723   -19.63   20.40
 204337.398   228.769     0.12   14.18
 204713.085   238.747    26.55   22.76
 205088.758   264.891    69.58   37.52
 205464.418   290.687    68.66   32.43
 205840.064   304.886    37.79   22.71
 206215.697   315.160    27.34   13.69
 206591.316   316.184     2.73   12.74
 206966.922   318.916     7.27    7.46
 207342.514   318.331    -1.56    8.76
 207718.092   319.955     4.32    9.04
 208093.657   322.049     5.58    9.66
 208469.208   324.866     7.50    8.64
 208844.746   328.190     8.85    6.95
 209220.270   331.218     8.06    9.21
 209595.781   337.864    17.69   12.01
 209971.278   344.318    17.19   11.83
 210346.762   349.294    13.25   10.45
 210722.232   354.866    14.84    9.54
 211097.689   356.675     4.82    9.25
 211473.132   360.679    10.66    9.30
 211848.561   361.536     2.28    9.16
 212223.977   360.628    -2.42   10.37
 212599.379   360.916     0.77   14.56
 212974.768   358.294    -6.98   15.02
 213350.144   354.961    -8.88   13.29
 213725.506   350.843   -10.97    9.39
 214100.854   351.135     0.78    9.52
 214476.189   354.868     9.94   12.45
 214851.511   360.233    14.29   16.58
 215226.819   366.525    16.76   18.77
 215602.113   372.675    16.38   20.36
 215977.394   377.135    11.88   20.91
 216352.661   382.190    13.47   22.64
 216727.915   385.062     7.65   22.87
 217103.156   389.393    11.54   28.78
 217478.383   389.818     1.13   32.10
 217853.597   392.413     6.92   35.04
 218228.797   395.699     8.76   37.20
 218603.983   401.032    14.21   35.80
 218979.156   405.343    11.49   34.88
 219354.316   408.818     9.26   32.10
 219729.462   409.355     1.43   30.68
 220104.595   412.080     7.26   27.42
 220479.715   413.257     3.14   23.89
 220854.821   412.294    -2.57   23.32
 221229.913   413.518     3.26   19.21
 221604.992   409.371   -11.06   21.06
 221980.058   408.911    -1.23   20.02
 222355.110   408.404    -1.35   16.90
 222730.149   407.233    -3.12   18.71
 223105.174   407.135    -0.26   20.69
 223480.186   404.434    -7.20   23.77
 223855.184   404.386    -0.13   22.72
 224230.170   407.023     7.03   19.34
 224605.141   407.485     1.23   19.09
 224980.099   408.342     2.29   17.85
 225355.044   407.393    -2.53   18.56
 225729.976   406.250    -3.05   17.58
 226104.894   407.318     2.85   16.18
 226479.798   408.423     2.95   15.25
 226854.690   409.842     3.78   13.12
 227229.568   411.461     4.32   12.36
 227604.432   412.452     2.64   11.90
 227979.283   411.254    -3.20   11.52
 228354.121   409.342    -5.10   11.06
 228728.945   408.664    -1.81    9.31
 229103.756   408.891     0.61    8.84
 229478.554   408.843    -0.13    9.34
 229853.338   408.501    -0.91    8.09
 230228.109   407.135    -3.64    6.42
 230602.867   406.355    -2.08    5.41
 230977.611   405.518    -2.23    4.39
 231352.342   404.745    -2.06    3.78
 231727.059   404.794     0.13    4.30
 232101.763   403.668    -3.01    5.42
 232476.454   402.097    -4.19    6.36
 232851.131   399.647    -6.54    6.38
 233225.795   397.143    -6.68    5.92
 233600.446   394.208    -7.83    5.45
 233975.084   391.794    -6.44    5.04
 234349.708   390.699    -2.92    6.31
 234724.319   389.111    -4.24    6.74
 235098.916   388.791    -0.85    7.33
 235473.500   387.985    -2.15    7.69
