-205470.225   565.607     0.00    2.93
-205095.880   564.092    -4.05    3.57
-204721.552   562.106    -5.31    3.13
-204347.239   561.268    -2.24    2.68
-203972.943   560.919    -0.93    3.02
-203598.662   561.757     2.24    3.99
-203224.398   562.504     2.00    4.06
-202850.150   563.718     3.25    4.60
-202475.918   564.339     1.66    4.71
-202101.702   564.766     1.14    4.99
-201727.503   564.780     0.04    5.01
-201353.319   564.687    -0.25    5.28
-200979.152   565.687     2.67    6.64
-200605.000   569.943    11.38   14.14
-200230.865   592.170    59.42   47.87
-199856.746   624.989    87.74   62.45
-199482.642   657.742    87.56   58.69
-199108.555   680.757    61.53   41.97
-198734.484   694.932    37.90   14.23
-198360.430   693.431    -4.01    8.28
-197986.391   688.919   -12.06    5.27
-197612.368   686.677    -6.00    3.74
-197238.361   685.657    -2.73    4.05
-196864.371   683.910    -4.67    5.28
-196490.396   681.501    -6.44    6.50
-196116.437   676.623   -13.05    7.65
-195742.495   672.059   -12.21    7.10
-195366.564   666.694   -14.27    7.17
-194989.411   659.635   -18.72   10.13
-194612.275   652.885   -17.90   11.63
-194235.155   646.141   -17.89   11.31
-193858.051   640.527   -14.89   12.11
-193480.964   636.501   -10.68   11.83
-193103.892   633.266    -8.58   10.75
-192726.838   629.226   -10.72    8.78
-192349.799   624.744   -11.89    4.29
-191972.777   622.075    -7.08    4.00
-191595.771   620.361    -4.55    5.48
-191218.781   618.873    -3.95    6.68
-190841.808   615.766    -8.24    7.68
-190464.851   613.555    -5.86    7.34
-190087.910   613.226    -0.88    8.65
-189710.986   613.872     1.72    9.80
-189334.078   612.710    -3.08   11.83
-188957.186   610.623    -5.54   12.74
-188580.310   606.435   -11.11   11.36
-188203.451   605.044    -3.69   12.10
-187826.607   603.860    -3.14   12.00
-187449.781   600.932    -7.77   12.23
-187072.970   598.980    -5.18   13.31
-186696.176   593.599   -14.28   16.54
-186319.397   588.956   -12.32   18.28
-185942.636   579.531   -25.02   17.51
-185565.890   570.617   -23.66   17.03
-185189.161   564.165   -17.13   17.32
-184812.447   557.635   -17.34   16.79
-184435.750   543.908   -36.44   16.31
-184059.070   532.860   -29.34   15.55
-183682.405   524.339   -22.62   14.61
-183305.757   513.116   -29.80   13.84
-182929.125   506.242   -18.26   11.15
-182552.509   500.222   -15.99    8.37
-182175.909   499.266    -2.54    9.47
-181799.326   500.998     4.60   14.48
-181422.758   508.185    19.09   19.64
-181046.207   513.966    15.36   21.15
-180669.672   515.908     5.16   18.94
-180293.153   517.687     4.72   14.89
-179916.651   517.710     0.06   12.07
-179540.164   513.685   -10.69   10.61
-179163.694   508.862   -12.81   11.13
-178787.240   502.263   -17.53   13.53
-178410.802   497.932   -11.51   12.32
-178034.380   494.919    -8.00    8.40
-177657.975   496.653     4.61    7.71
-177281.585   499.521     7.62    6.78
-176905.212   500.000     1.27    7.07
-176528.855   501.337     3.55    6.82
-176152.514   503.480     5.69    4.94
-175776.189   505.385     5.06    5.41
-175399.880   505.292    -0.25    5.30
-175023.588   503.535    -4.67    5.37
-174647.311   500.816    -7.22    5.35
-174271.051   498.189    -6.98    4.66
-173894.806   497.315    -2.33    5.13
-173518.578   497.099    -0.57    4.67
-173142.366   497.860     2.02    4.45
-172766.170   499.476     4.30    5.06
-172389.990   502.974     9.30    6.42
-172013.827   507.337    11.60    7.74
-171637.679   512.617    14.04    7.63
-171261.547   517.850    13.91    7.09
-170885.432   521.998    11.03    7.46
-170509.332   526.121    10.96    6.92
-170133.249   526.976     2.27    8.70
-169757.182   526.897    -0.21    9.84
-169381.130   531.640    12.62   19.98
-169005.095   541.194    25.41   23.59
-168629.076   549.433    21.91   23.75
-168253.073   554.112    12.44   18.37
-167877.086   560.462    16.89   19.70
-167501.115   569.431    23.86   31.81
-167125.160   584.687    40.58   43.11
-166749.221   613.082    75.54   72.01
-166373.299   641.112    74.57   81.43
-165997.392   675.569    91.68   78.75
-165621.501   698.976    62.28   71.06
-165245.626   724.677    68.39   55.54
-164869.768   743.943    51.26   40.90
-164493.925   759.966    42.64   20.00
-164118.098   766.189    16.56   14.42
-163742.287   766.976     2.09   11.77
-163366.493   767.077     0.27   10.99
-162990.714   765.896    -3.14   10.67
-162614.951   763.385    -6.68   10.94
-162239.205   756.013   -19.62   13.80
-161863.474   747.816   -21.82   14.62
-161487.759   737.990   -26.16   13.26
-161112.060   729.953   -21.40   10.86
-160736.378   724.385   -14.82    8.26
-160360.711   720.862    -9.38    7.27
-159985.060   719.152    -4.55    9.40
-159609.425   719.744     1.57   11.96
-159233.806   718.839    -2.41   12.66
-158858.203   719.538     1.86   11.71
-158482.616   718.361    -3.13   10.74
-158107.045   716.294    -5.51   10.15
-157731.490   715.051    -3.31   10.35
-157355.951   709.521   -14.73    9.46
-156980.428   705.727   -10.11    9.68
-156604.920   702.976    -7.33    9.49
-156229.429   700.292    -7.15    9.70
-155853.953   696.726    -9.50   11.22
-155478.494   693.385    -8.90   11.87
-155103.050   688.538   -12.91   10.88
-154727.623   683.021   -14.70    8.89
-154352.211   677.490   -14.74    8.91
-153976.815   670.544   -18.51    9.84
-153601.435   665.571   -13.25    8.82
-153226.071   663.385    -5.82    7.46
-152850.723   664.021     1.70    8.10
-152475.390   666.897     7.66    9.19
-152100.074   667.976     2.87    9.23
-151724.774   668.861     2.36    9.02
-151349.489   664.315   -12.11    8.88
-150974.220   660.408   -10.41    8.56
-150598.967   659.092    -3.51    8.10
-150223.730   659.839     1.99   10.56
-149848.509   663.910    10.85   10.61
-149473.304   665.454     4.12    7.87
-149098.114   665.222    -0.62    7.28
-148722.941   663.075    -5.72    7.79
-148347.783   662.313    -2.03    9.20
-147972.641   664.641     6.21   10.50
-147597.515   666.703     5.50    9.95
-147222.405   668.985     6.08    7.64
-146847.310   665.456    -9.41    9.14
-146472.232   660.943   -12.03    8.07
-146097.169   657.946    -7.99    8.24
-145722.122   653.594   -11.60    6.13
-145347.091   652.629    -2.57    5.71
-144972.076   651.123    -4.02    6.45
-144597.076   647.980    -8.38    6.89
-144222.092   645.036    -7.85    8.18
-143847.125   639.742   -14.12    7.24
-143472.172   635.980   -10.03    7.71
-143097.236   632.051   -10.48    6.91
-142722.316   628.116   -10.50    9.41
-142347.411   622.527   -14.91   10.24
-141972.522   616.930   -14.93   10.42
-141597.649   610.575   -16.95    8.22
-141222.791   609.826    -2.00    9.70
-140847.950   609.315    -1.37   10.23
-140473.124   610.766     3.87   11.82
-140098.314   614.432     9.78   13.16
-139723.520   618.408    10.61   11.64
-139348.741   618.733     0.87   10.90
-138973.978   616.431    -6.14   10.71
-138599.231   612.222   -11.23   10.74
-138224.500   607.338   -13.03   10.24
-137849.784   606.647    -1.85    9.52
-137475.084   609.789     8.39   10.62
-137100.400   614.431    12.39    9.07
-136725.732   616.943     6.70    7.22
-136351.079   617.013     0.19    7.14
-135976.442   614.242    -7.40    8.49
-135601.821   610.027   -11.25   12.11
-135227.216   604.813   -13.92   12.98
-134852.626   599.504   -14.18   12.58
-134478.052   599.640     0.37   14.52
-134103.493   602.129     6.64   13.19
-133728.951   605.361     8.63    9.25
-133354.424   606.175     2.17    5.68
-132979.912   605.027    -3.07    5.69
-132605.417   601.547    -9.29    6.76
-132230.937   599.385    -5.78    6.79
-131856.472   597.268    -5.65    6.02
-131482.024   593.837    -9.16    6.15
-131107.591   591.059    -7.42    5.31
-130733.174   587.623    -9.18    6.08
-130358.772   583.310   -11.52    6.35
-129984.386   580.385    -7.81    6.64
-129610.016   576.885    -9.35    6.48
-129235.661   574.432    -6.55    6.10
-128861.322   574.194    -0.64    6.94
-128486.999   574.385     0.51    6.82
-128112.691   574.623     0.64    6.61
-127738.399   574.310    -0.84    6.20
-127364.123   572.726    -4.23    6.87
-126989.862   569.629    -8.28    6.86
-126615.617   566.551    -8.22    5.96
-126241.387   563.129    -9.15    5.79
-125867.173   560.956    -5.81    6.54
-125492.975   558.794    -5.78    6.55
-125118.792   556.949    -4.93    6.73
-124744.625   557.544     1.59    7.77
-124370.474   557.694     0.40    8.86
-123996.338   561.431     9.99   10.71
-123622.218   564.551     8.34    9.85
-123248.113   566.795     6.00    8.27
-122874.024   566.226    -1.52    9.68
-122499.950   561.974   -11.37   12.48
-122125.892   556.268   -15.26   12.85
-121751.850   551.059   -13.93   10.99
-121377.823   550.152    -2.43   10.41
-121003.812   554.362    11.26   13.63
-120629.816   560.821    17.27   13.07
-120253.363   564.112     8.74   12.63
-119876.257   567.861     9.94   10.99
-119499.166   570.268     6.39    9.69
-119122.091   569.478    -2.10    9.95
-118745.032   568.538    -2.49    9.68
-118367.989   562.135   -16.99   10.68
-117990.961   558.306   -10.16    8.54
-117613.950   557.943    -0.96    6.87
-117236.954   556.106    -4.87    7.34
-116859.974   552.189   -10.39    8.77
-116483.010   547.089   -13.53    6.60
-116106.061   543.490    -9.55    4.92
-115729.129   541.839    -4.38    4.81
-115352.212   539.292    -6.76    5.45
-114975.311   536.524    -7.34    6.71
-114598.426   533.896    -6.97    6.79
-114221.556   533.821    -0.20    7.47
-113844.703   534.271     1.20    8.09
-113467.865   537.287     8.00    6.82
-113091.043   539.664     6.31    6.57
-112714.236   540.861     3.18    5.84
-112337.446   541.535     1.79    5.17
-111960.671   540.339    -3.17    4.40
-111583.912   538.785    -4.13    4.55
-111207.168   536.980    -4.79    5.00
-110830.441   535.106    -4.98    4.35
-110453.729   533.311    -4.76    4.02
-110077.033   531.430    -4.99    4.11
-109700.352   529.000    -6.45    4.60
-109323.688   527.248    -4.65    4.93
-108947.039   524.315    -7.79    4.58
-108570.405   521.826    -6.61    3.79
-108193.788   518.932    -7.69    3.66
-107817.186   516.974    -5.20    4.57
-107440.600   513.976    -7.96    5.04
-107064.029   511.010    -7.88    4.96
-106687.475   508.456    -6.78    5.15
-106310.936   505.885    -6.83    4.55
-105934.412   504.043    -4.89    4.32
-105557.905   503.612    -1.15    4.11
-105181.413   503.935     0.86    4.52
-104804.937   504.313     1.01    4.49
-104428.476   505.013     1.86    3.94
-104052.031   505.766     2.00    3.52
-103675.602   503.757    -5.34    4.99
-103299.188   502.179    -4.19    5.27
-102922.790   500.036    -5.70    5.58
-102546.408   497.027    -7.99    4.91
-102170.042   496.861    -0.44    4.92
-101793.691   498.099     3.29    6.35
-101417.355   499.287     3.16    6.59
-101041.036   500.089     2.13    5.66
-100664.732   499.110    -2.60    4.85
-100288.443   497.527    -4.20    4.76
 -99912.171   494.082    -9.16    5.14
 -99535.913   492.238    -4.90    5.09
 -99159.672   491.385    -2.27    6.00
 -98783.446   491.994     1.62    6.51
 -98407.236   491.051    -2.51    7.37
 -98031.041   489.456    -4.24    6.71
 -97654.862   487.524    -5.14    5.97
 -97278.699   485.337    -5.81    4.84
 -96902.551   487.480     5.70    5.53
 -96526.419   491.218     9.94    5.91
 -96150.302   492.092     2.32    5.16
 -95774.201   493.408     3.50    5.06
 -95398.115   494.036     1.67    4.73
 -95022.046   495.623     4.22    5.48
 -94645.991   497.456     4.88    4.67
 -94269.953   498.075     1.65    4.50
 -93893.929   496.544    -4.07    5.09
 -93517.922   493.433    -8.27    4.78
 -93141.930   491.218    -5.89    4.71
 -92765.953   489.501    -4.57    5.47
 -92389.992   488.129    -3.65    5.62
 -92014.047   488.099    -0.08    5.96
 -91638.117   487.694    -1.08    6.63
 -91262.203   486.361    -3.55    8.03
 -90886.304   485.013    -3.59    8.28
 -90510.421   482.152    -7.61    7.08
 -90134.553   480.268    -5.01    4.58
 -89758.701   479.222    -2.78    4.16
 -89382.865   477.385    -4.89    3.69
 -89007.044   474.956    -6.46    4.43
 -88631.238   473.013    -5.17    3.87
 -88255.448   470.733    -6.07    4.95
 -87879.673   468.408    -6.19    5.94
 -87503.914   466.837    -4.18    7.31
 -87128.171   464.527    -6.15    8.65
 -86752.443   464.527     0.00    8.11
 -86376.730   464.013    -1.37    8.69
 -86001.033   462.657    -3.61    8.65
 -85625.352   463.640     2.62    8.42
 -85249.686   461.222    -6.44    9.07
 -84874.035   461.670     1.19    9.50
 -84498.400   462.551     2.35   10.18
 -84122.780   465.194     7.04    9.99
 -83747.176   469.766    12.17    5.78
 -83371.587   470.480     1.90    4.25
 -82996.014   468.710    -4.71    5.12
 -82620.456   466.718    -5.31    6.52
 -82244.914   463.850    -7.64    6.88
 -81869.387   459.551   -11.45    7.92
 -81493.876   456.789    -7.36    6.33
 -81118.380   456.647    -0.38    5.54
 -80742.899   457.617     2.59    5.64
 -80367.434   460.218     6.93    5.24
 -79991.984   462.160     5.17    3.91
 -79616.550   462.664     1.34    3.03
 -79241.131   461.635    -2.74    3.18
 -78865.728   459.647    -5.30    3.50
 -78490.340   457.456    -5.84    5.53
 -78114.967   454.919    -6.76    7.43
 -77739.610   450.670   -11.32    9.51
 -77364.268   448.564    -5.61    8.79
 -76988.942   447.589    -2.60    7.80
 -76613.631   448.409     2.18    7.08
 -76238.335   451.694     8.75    7.23
 -75863.055   453.885     5.84    5.70
 -75487.790   455.560     4.46    4.13
 -75112.541   456.135     1.53    3.48
 -74737.307   456.026    -0.29    3.96
 -74362.088   456.245     0.58    4.90
 -73986.885   455.547    -1.86    4.83
 -73611.697   455.571     0.06    6.56
 -73236.524   457.907     6.23    9.14
 -72861.367   460.516     6.95   10.51
 -72486.225   463.612     8.25   11.79
 -72111.098   465.560     5.19   11.50
 -71735.987   467.066     4.02   11.95
 -71360.891   469.051     5.29   10.99
 -70985.811   468.769    -0.75    8.69
 -70610.746   468.748    -0.06    8.44
 -70235.696   472.308     9.49    8.00
 -69860.662   477.289    13.28    7.57
 -69485.642   479.989     7.20    7.56
 -69110.639   479.147    -2.25    8.39
 -68735.650   477.430    -4.58    9.20
 -68360.677   476.016    -3.77    8.65
 -67985.719   476.748     1.95    7.53
 -67610.776   478.850     5.61    5.74
 -67235.849   478.873     0.06    5.78
 -66860.937   477.004    -4.99    7.43
 -66486.040   471.872   -13.69    9.56
 -66111.159   465.112   -18.03    8.66
 -65736.293   458.810   -16.81    9.14
 -65361.442   454.555   -11.35   10.70
 -64986.606   452.338    -5.92   10.68
 -64611.786   449.872    -6.58   12.26
 -64236.981   446.780    -8.25   11.35
 -63862.192   443.256    -9.40   11.49
 -63487.417   440.956    -6.14    9.07
 -63112.658   439.580    -3.67    9.72
 -62737.914   437.361    -5.92   11.00
 -62363.185   433.242   -10.99   10.76
 -61988.472   428.360   -13.03   10.60
 -61613.774   424.361   -10.67   10.55
 -61239.091   421.718    -7.05    9.10
 -60864.423   419.044    -7.14    8.29
 -60489.771   416.687    -6.29    7.67
 -60115.133   414.218    -6.59    6.77
 -59740.511   412.189    -5.41    6.40
 -59365.905   409.873    -6.18    6.72
 -58991.313   406.337    -9.44    7.57
 -58616.737   401.956   -11.70    8.14
 -58242.176   398.315    -9.72    8.52
 -57867.630   394.989    -8.88    7.58
 -57493.099   391.059   -10.49    7.83
 -57118.584   389.850    -3.23    7.57
 -56744.083   389.292    -1.49    8.08
 -56369.598   390.733     3.85    8.06
 -55995.128   391.694     2.57    8.22
 -55620.674   392.027     0.89    7.86
 -55246.234   390.687    -3.58    7.30
 -54871.810   389.575    -2.97    7.47
 -54497.400   387.004    -6.87    7.32
 -54123.006   383.953    -8.15    8.32
 -53748.628   384.837     2.36    7.53
 -53374.264   384.141    -1.86   14.99
 -52999.915   385.289     3.07   18.28
 -52625.582   388.263     7.94   12.33
 -52251.264   387.956    -0.82    6.49
 -51876.961   386.099    -4.96    7.01
 -51502.673   383.123    -7.95   10.46
 -51128.400   379.242   -10.37   14.03
 -50754.143   373.462   -15.45   18.27
 -50379.900   343.589   -79.82   62.06
 -50005.673   333.970   -25.71   63.84
 -49631.461   332.932    -2.77   61.79
 -49257.264   322.099   -28.95   64.19
 -48883.082   306.897   -40.63   65.15
 -48508.915   298.498   -22.45   70.01
 -48134.763   290.872   -20.38   73.29
 -47760.626   307.385    44.14   79.15
 -47386.505   321.478    37.67   79.48
 -47012.399   341.106    52.47   71.15
 -46638.307   358.680    46.98   52.22
 -46264.231   378.016    51.69   15.33
 -45890.170   384.362    16.96    6.75
 -45516.124   386.231     5.00    5.33
 -45139.161   384.780    -3.85    5.48
 -44762.097   380.861   -10.39    6.83
 -44385.049   377.051   -10.10    6.96
 -44008.016   370.453   -17.50   11.41
 -43630.998   354.923   -41.19   31.28
 -43253.996   346.718   -21.76   38.59
 -42877.009   341.292   -14.39   42.46
 -42500.037   340.810    -1.28   48.28
 -42123.080   349.385    22.75   47.37
 -41746.139   363.332    37.00   14.69
 -41369.213   358.180   -13.67   33.40
 -40992.303   342.594   -41.35   56.19
 -40615.408   340.152    -6.48   55.71
 -40238.528   337.175    -7.90   58.20
 -39861.663   347.974    28.66   36.18
 -39484.814   345.862    -5.61   36.37
 -39107.980   325.458   -54.15   59.69
 -38731.161   276.640  -129.56   89.28
 -38354.358   212.068  -171.38   85.36
 -37977.570   163.103  -129.96   52.71
 -37600.797   150.566   -33.27   32.85
 -37224.039   155.858    14.05   48.32
 -36847.297   165.775    26.32   53.84
 -36470.570   170.594    12.79   47.07
 -36093.858   191.238    54.80   65.43
 -35717.161   227.635    96.62   83.30
 -35340.480   252.648    66.41   79.85
 -34963.814   258.361    15.17   79.92
 -34587.163   245.687   -33.65   80.13
 -34210.527   225.361   -53.97   79.39
 -33833.907   201.766   -62.65   74.73
 -33457.302   182.231   -51.87   64.20
 -33080.712   160.953   -56.50   51.64
 -32704.137   143.670   -45.90   33.63
 -32327.578   141.218    -6.51   33.38
 -31951.034   142.456     3.29   43.43
 -31574.505   137.726   -12.56   39.06
 -31197.991   130.248   -19.86   26.95
 -30821.492   123.260   -18.56   14.08
 -30445.009   120.575    -7.13   12.50
 -30068.541   118.647    -5.12   12.74
 -29692.088   115.165    -9.25    8.37
 -29315.650   112.826    -6.21    8.64
 -28939.227   112.336    -1.30   10.92
 -28562.820   112.813     1.27   15.77
 -28186.427   120.826    21.29   35.57
 -27810.050   125.480    12.36   44.65
 -27433.688   128.194     7.21   52.40
 -27057.342   126.932    -3.35   47.07
 -26681.010   137.647    28.47   59.81
 -26304.694   160.504    60.74   82.65
 -25928.392   183.129    60.13   89.52
 -25552.106   193.027    26.31   90.30
 -25175.835   194.456     3.80   87.64
 -24799.579   198.456    10.63   89.75
 -24423.339   194.289   -11.07   92.69
 -24047.113   192.766    -4.05   91.41
 -23670.903   193.612     2.25   96.83
 -23294.707   188.837   -12.69   96.32
 -22918.527   193.976    13.66   98.78
 -22542.362   179.733   -37.86   98.62
 -22166.212   153.897   -68.69   86.35
 -21790.078   124.433   -78.33   62.03
 -21413.958    98.885   -67.93   25.52
 -21037.853    90.385   -22.60   14.70
 -20661.764    84.873   -14.66    9.45
 -20285.690    81.547    -8.84    8.21
 -19909.630    78.726    -7.50    8.61
 -19533.586    74.799   -10.44    8.31
 -19157.557    70.129   -12.42    9.08
 -18781.543    63.943   -16.45    7.91
 -18405.544    58.501   -14.47    7.90
 -18029.560    53.885   -12.28    6.44
 -17653.592    52.175    -4.55    6.31
 -17277.638    52.885     1.89    8.02
 -16901.699    54.170     3.42    8.95
 -16525.776    57.051     7.66    8.10
 -16149.867    57.068     0.04    7.05
 -15773.974    54.289    -7.39    7.59
 -15398.096    48.551   -15.27    8.95
 -15022.232    41.547   -18.63    9.77
 -14646.384    34.742   -18.11    7.70
 -14270.551    31.504    -8.62    5.56
 -13894.733    31.099    -1.08    7.01
 -13518.930    32.524     3.79    9.00
 -13143.141    34.921     6.38    9.28
 -12767.368    36.885     5.23    7.96
 -12391.610    35.222    -4.43    5.72
 -12015.867    31.935    -8.75    5.26
 -11640.139    27.694   -11.29    4.87
 -11264.426    24.051    -9.70    4.79
 -10888.728    21.170    -7.67    3.43
 -10513.045    19.194    -5.26    3.01
 -10137.377    18.128    -2.84    3.18
  -9761.724    17.021    -2.95    3.35
  -9386.086    16.189    -2.21    3.44
  -9010.463    15.478    -1.90    3.36
  -8634.855    14.921    -1.48    2.92
  -8259.262    13.753    -3.11    3.33
  -7883.684    10.839    -7.76    3.85
  -7508.121     8.335    -6.67    2.85
  -7132.573     7.531    -2.14    2.10
  -6757.040     7.222    -0.82    1.66
  -6381.522     7.435     0.57    1.57
  -6006.019     7.271    -0.44    1.57
  -5630.531     7.077    -0.52    1.42
  -5255.057     7.203     0.34    1.72
  -4879.599     8.361     3.09    2.56
  -4504.156     8.956     1.58    2.79
  -4128.727     9.157     0.54    2.47
  -3753.314     8.832    -0.87    3.01
  -3377.915     8.180    -1.74    2.34
  -3002.532     7.160    -2.72    1.73
  -2627.163     7.129    -0.08    1.87
  -2251.809     7.242     0.30    1.88
  -1876.470     7.128    -0.30    1.86
  -1501.146     6.612    -1.38    2.10
  -1125.838     5.806    -2.15    2.16
   -750.543     4.653    -3.07    3.06
   -375.264     3.036    -4.31    3.12
      0.000     2.726    -0.83    3.24
    375.249     3.248     1.39    3.68
    750.484     3.333     0.23    3.76
   1125.703     4.099     2.04    3.83
   1500.908     5.242     3.05    3.39
   1876.098     6.313     2.86    2.71
   2251.273     7.266     2.54    1.77
   2626.433     7.610     0.92    1.59
   3001.578     7.733     0.33    1.25
   3376.708     7.735     0.00    1.14
   3751.824     7.872     0.37    1.27
   4126.924     7.861    -0.03    1.58
   4502.010     7.433    -1.14    1.82
   4877.081     7.147    -0.76    2.03
   5252.137     6.966    -0.48    1.92
   5627.178     6.594    -0.99    1.66
   6002.204     6.313    -0.75    1.63
   6377.216     6.175    -0.37    1.70
   6752.212     6.313     0.37    1.73
   7127.194     6.082    -0.62    1.68
   7502.161     5.694    -1.04    1.79
   7877.113     5.504    -0.51    1.52
   8252.050     4.872    -1.68    1.25
   8626.973     4.919     0.13    1.20
   9001.880     5.129     0.56    1.31
   9376.773     5.059    -0.19    1.73
   9751.651     5.361     0.80    1.69
  10126.514     5.431     0.19    1.98
  10501.363     5.742     0.83    1.97
  10876.196     5.623    -0.32    1.88
  11251.015     5.036    -1.57    1.76
  11625.819     4.885    -0.40    1.69
  12000.608     5.885     2.67    2.26
  12375.383     6.980     2.92    2.79
  12750.142     8.385     3.75    3.05
  13124.887    10.060     4.47    2.48
  13499.617    11.547     3.97    2.35
  13874.333    12.799     3.34    2.71
  14249.033    14.027     3.28    2.72
  14623.719    16.170     5.72    3.19
  14998.390    18.027     4.96    3.99
  15373.046    21.408     9.02    4.43
  15747.688    24.256     7.60    3.71
  16122.314    26.385     5.68    3.61
  16496.926    29.775     9.05    3.65
  16871.524    32.175     6.41    3.63
  17246.106    33.897     4.60    2.97
  17620.674    35.858     5.24    3.24
  17995.227    38.316     6.56    4.58
  18369.765    41.590     8.74    5.35
  18744.289    44.266     7.14    4.86
  19118.798    45.268     2.68    4.79
  19493.292    44.360    -2.43    5.39
  19867.772    43.112    -3.33    4.70
  20242.236    42.148    -2.57    3.07
  20616.686    42.294     0.39    3.00
  20991.122    42.932     1.71    2.39
  21365.542    43.292     0.96    2.12
  21739.948    44.501     3.23    2.14
  22114.340    45.231     1.95    1.99
  22488.716    46.521     3.45    2.55
  22863.078    47.436     2.44    2.39
  23237.425    49.194     4.70    4.06
  23611.758    52.361     8.46    6.06
  23986.076    54.507     5.73    6.57
  24360.379    57.059     6.82    6.19
  24734.667    59.231     5.80    6.05
  25108.941    60.980     4.67    5.41
  25483.200    63.170     5.85    5.87
  25857.445    64.004     2.23    5.37
  26231.675    64.385     1.02    4.74
  26605.890    64.527     0.38    3.74
  26980.090    64.921     1.05    2.32
  27354.276    66.147     3.27    2.63
  27728.448    67.551     3.75    2.78
  28102.604    69.594     5.46    2.97
  28476.746    71.408     4.85    2.82
  28850.874    73.498     5.59    2.88
  29224.986    75.501     5.35    2.64
  29599.507    77.170     4.46    2.57
  29976.543    78.860     4.48    2.26
  30353.563    80.872     5.34    2.72
  30730.569    82.640     4.69    2.83
  31107.560    84.771     5.65    3.03
  31484.536    87.051     6.05    3.07
  31861.497    89.501     6.50    3.39
  32238.443    92.575     8.16    3.74
  32615.375    95.456     7.64    3.49
  32992.291    98.266     7.45    3.46
  33369.193   101.385     8.28    3.31
  33746.080   104.027     7.01    3.07
  34122.952   106.932     7.71    3.28
  34499.809   109.507     6.83    2.69
  34876.652   112.360     7.57    3.31
  35253.479   115.623     8.66    3.95
  35630.292   118.766     8.34    5.33
  36007.090   125.647    18.26   19.81
  36383.874   129.653    10.63   20.80
  36760.642   127.075    -6.84    8.63
  37137.396   128.310     3.28    3.51
  37514.135   130.218     5.07    3.68
  37890.859   132.092     4.97    3.61
  38267.568   146.338    37.82   28.07
  38644.262   167.385    55.87   45.99
  39020.942   189.435    58.54   51.31
  39397.607   204.036    38.76   48.66
  39774.257   207.458     9.09   48.04
  40150.893   215.170    20.48   47.21
  40527.513   231.742    44.00   40.53
  40904.119   233.410     4.43   40.01
  41280.710   227.498   -15.70   41.25
  41657.287   232.433    13.10   39.48
  42033.848   241.092    22.99   34.23
  42410.395   253.175    32.09   21.57
  42786.928   258.068    12.99   17.81
  43163.445   259.726     4.40   16.69
  43539.948   261.462     4.61   13.29
  43916.436   261.640     0.48   12.63
  44292.909   261.575    -0.17   12.02
  44669.367   264.478     7.71    9.43
  45045.811   265.339     2.29    8.69
  45422.240   268.648     8.79    5.96
  45798.655   271.998     8.90    5.05
  46175.054   275.456     9.19    4.43
  46551.439   277.826     6.30    4.67
  46927.809   279.432     4.27    5.16
  47304.165   276.595    -7.54    9.67
  47680.506   271.680   -13.06   11.18
  48056.832   268.256    -9.10    8.92
  48433.143   267.289    -2.57    7.19
  48809.440   265.670    -4.30    7.28
  49185.722   266.769     2.92    8.25
  49561.990   270.657    10.33    9.79
  49938.242   275.205    12.09    8.80
  50314.481   278.385     8.45    6.09
  50690.704   280.966     6.86    5.61
  51066.913   283.335     6.30    5.11
  51443.107   284.589     3.33    4.49
  51819.286   286.043     3.86    3.60
  52195.451   286.664     1.65    3.26
  52571.601   288.361     4.51    3.34
  52947.737   289.789     3.80    3.09
  53323.857   291.129     3.56    3.00
  53699.964   291.667     1.43    2.88
  54076.055   292.316     1.73    3.83
  54452.132   293.238     2.45    4.11
  54828.195   294.051     2.16    4.34
  55204.242   295.004     2.53    3.64
  55580.275   295.385     1.01    3.71
  55956.294   296.919     4.08    3.88
  56332.298   298.510     4.23    3.55
  56708.287   300.218     4.54    3.66
  57084.262   300.837     1.65    3.27
  57460.222   300.824    -0.04    2.73
  57836.167   300.980     0.42    2.88
  58212.098   301.531     1.47    2.48
  58588.014   301.885     0.94    2.49
  58963.916   303.289     3.74    2.70
  59339.803   304.147     2.28    2.84
  59715.675   305.360     3.23    3.50
  60091.533   305.694     0.89    3.59
  60467.377   305.789     0.25    3.49
  60843.205   305.718    -0.19    3.30
  61219.020   306.129     1.09    2.98
  61594.819   307.242     2.96    2.98
  61970.604   309.664     6.44    3.79
  62346.375   312.175     6.68    3.67
  62722.131   314.780     6.93    4.01
  63097.872   317.189     6.41    3.91
  63473.599   318.135     2.52    3.81
  63849.312   319.004     2.31    3.31
  64225.010   319.664     1.76    3.22
  64600.693   320.456     2.11    3.48
  64976.362   321.919     3.90    3.38
  65352.016   322.575     1.75    3.35
  65727.655   322.946     0.99    2.71
  66103.281   323.129     0.49    2.82
  66478.891   323.004    -0.33    2.65
  66854.487   322.480    -1.39    2.34
  67230.069   322.813     0.89    2.44
  67605.636   322.897     0.22    2.04
  67981.189   323.785     2.36    2.18
  68356.727   324.837     2.80    2.37
  68732.251   325.970     3.02    2.43
  69107.760   327.194     3.26    1.95
  69483.254   328.238     2.78    2.55
  69858.735   328.660     1.12    2.42
  70234.200   329.013     0.94    1.83
  70609.652   329.821     2.15    1.94
  70985.088   330.718     2.39    1.75
  71360.511   331.432     1.90    1.68
  71735.918   332.082     1.73    1.78
  72111.312   333.361     3.41    1.90
  72486.691   334.937     4.20    3.47
  72862.055   336.544     4.28    4.09
  73237.405   339.235     7.17    4.66
  73612.740   340.896     4.43    4.04
  73988.062   343.885     7.96    4.84
  74363.368   347.564     9.80    5.80
  74738.660   352.066    12.00    7.65
  75113.938   356.103    10.75    8.93
  75489.201   361.337    13.95   10.60
  75864.450   365.907    12.18   10.25
  76239.685   368.885     7.93    7.13
  76614.905   368.930     0.12    5.84
  76990.110   368.437    -1.31    5.85
  77365.302   366.687    -4.66    5.05
  77740.478   365.919    -2.05    5.34
  78115.641   364.908    -2.69    4.66
  78490.789   364.575    -0.89    3.96
  78865.922   364.205    -0.99    3.13
  79241.042   364.152    -0.14    2.85
  79616.146   365.160     2.69    2.66
  79991.237   365.994     2.23    2.54
  80366.313   368.051     5.48    4.04
  80741.374   371.531     9.28    6.07
  81116.422   373.337     4.82    5.41
  81491.455   374.677     3.57    4.50
  81866.473   374.824     0.39    4.36
  82241.477   374.551    -0.73    3.22
  82616.467   376.361     4.83    4.08
  82991.442   378.653     6.11    4.39
  83366.404   381.687     8.09    4.95
  83741.350   385.311     9.67    5.54
  84116.283   387.313     5.34    5.79
  84491.201   388.710     3.73    6.07
  84866.104   388.456    -0.68    7.78
  85240.994   385.268    -8.50    9.16
  85615.869   381.170   -10.93    8.07
  85990.729   377.861    -8.83    7.71
  86365.575   374.970    -7.71    7.10
  86740.407   373.531    -3.84    6.15
  87115.225   373.141    -1.04    5.30
  87490.028   373.970     2.21    5.06
  87864.818   374.629     1.76    4.86
  88239.592   375.575     2.53    4.28
  88614.353   375.482    -0.25    4.11
  88989.099   375.075    -1.09    3.39
  89363.831   376.128     2.81    3.65
  89738.548   377.896     4.72    4.63
  90113.251   380.677     7.42    5.15
  90487.940   383.575     7.73    5.04
  90862.615   386.458     7.69    4.08
  91237.275   386.358    -0.27    4.21
  91611.921   385.498    -2.30    4.64
  91986.553   384.436    -2.84    3.95
  92361.170   384.116    -0.85    3.32
  92735.774   384.082    -0.09    2.76
  93110.363   384.921     2.24    2.67
  93484.937   385.635     1.90    2.29
  93859.498   386.490     2.28    2.57
  94234.044   388.135     4.39    3.39
  94608.576   390.092     5.23    3.81
  94983.093   391.175     2.89    3.79
  95357.597   392.147     2.59    3.38
  95732.086   393.564     3.79    3.71
  96106.561   395.362     4.80    4.76
  96481.022   395.410     0.13    5.39
  96855.468   393.527    -5.03    6.16
  97229.900   390.433    -8.26    3.80
  97604.318   389.580    -2.28    4.60
  97978.722   390.066     1.30    5.96
  98353.112   389.700    -0.98    6.09
  98727.487   388.551    -3.07    5.50
  99101.848   388.036    -1.38    5.19
  99476.195   386.189    -4.93    4.17
  99850.528   384.504    -4.50    2.67
 100224.846   383.935    -1.52    1.84
 100599.151   383.653    -0.75    1.80
 100973.441   383.458    -0.52    2.15
 101347.717   383.694     0.63    1.93
 101721.978   384.266     1.53    1.43
 102096.226   384.480     0.57    1.41
 102470.459   384.966     1.30    1.20
 102844.679   385.361     1.06    1.16
 103218.884   385.456     0.25    1.28
 103593.074   385.507     0.14    1.38
 103967.251   385.385    -0.33    1.32
 104341.414   385.687     0.81    1.34
 104716.504   385.946     0.69    1.36
 105093.496   386.242     0.79    1.34
 105470.474   386.575     0.88    1.19
 105847.437   386.848     0.72    1.40
 106224.386   386.980     0.35    1.36
 106601.321   387.027     0.13    1.39
 106978.241   387.263     0.62    1.03
 107355.146   387.337     0.20    0.91
 107732.038   387.555     0.58    1.24
 108108.915   387.810     0.67    1.30
 108485.778   388.289     1.27    1.46
 108862.626   388.775     1.29    1.59
 109239.460   389.170     1.05    1.51
 109616.279   389.824     1.73    1.43
 109993.085   390.310     1.29    1.47
 110369.876   390.338     0.08    1.33
 110746.652   390.760     1.12    1.50
 111123.415   391.027     0.71    1.54
 111500.162   391.004    -0.06    1.34
 111876.896   391.027     0.06    1.30
 112253.615   391.242     0.57    1.30
 112630.320   391.487     0.65    1.52
 113007.011   391.919     1.15    1.22
 113383.687   392.289     0.98    1.32
 113760.349   391.826    -1.23    1.53
 114136.997   391.742    -0.22    1.64
 114513.631   391.832     0.24    1.46
 114890.250   391.544    -0.77    1.31
 115266.855   391.604     0.16    1.54
 115643.445   391.640     0.10    1.40
 116020.021   392.218     1.53    1.38
 116396.583   392.253     0.09    1.36
 116773.131   392.294     0.11    1.44
 117149.665   392.821     1.40    1.54
 117526.184   393.266     1.18    1.74
 117902.689   393.504     0.63    1.64
 118279.179   393.949     1.18    1.37
 118655.656   394.453     1.34    1.15
 119032.118   394.615     0.43    1.35
 119408.565   394.946     0.88    1.40
 119784.999   395.456     1.36    1.63
 120161.418   396.010     1.47    1.63
 120537.824   396.703     1.84    1.46
 120914.214   397.069     0.97    1.53
 121290.591   397.718     1.72    1.75
 121666.953   398.664     2.51    2.26
 122043.302   400.214     4.12    2.71
 122419.635   401.998     4.74    3.21
 122795.955   402.718     1.91    2.91
 123172.261   404.123     3.73    2.54
 123548.552   404.789     1.77    2.25
 123924.829   404.289    -1.33    2.17
 124301.092   403.789    -1.33    2.00
 124677.340   403.860     0.19    1.88
 125053.575   404.742     2.34    1.99
 125429.795   405.660     2.44    2.29
 125806.001   406.970     3.48    2.02
 126182.193   407.575     1.61    1.77
 126558.371   407.507    -0.18    1.75
 126934.534   407.480    -0.07    1.94
 127310.683   406.921    -1.49    2.15
 127686.818   407.580     1.75    2.17
 128062.939   407.813     0.62    2.03
 128439.046   408.551     1.96    1.75
 128815.139   409.289     1.96    1.38
 129191.217   409.989     1.86    1.59
 129567.281   410.580     1.57    1.81
 129943.331   411.385     2.14    1.89
 130319.367   411.670     0.76    1.76
 130695.389   411.454    -0.57    1.88
 131071.397   411.571     0.31    2.12
 131447.390   411.194    -1.00    1.71
 131823.370   410.960    -0.62    1.57
 132199.335   410.799    -0.43    1.63
 132575.286   410.268    -1.41    1.97
 132951.223   410.027    -0.64    1.88
 133327.146   409.623    -1.08    1.75
 133703.054   409.409    -0.57    1.70
 134078.949   409.531     0.32    1.82
 134454.829   409.810     0.74    1.66
 134830.696   409.677    -0.35    1.99
 135206.548   409.214    -1.23    2.23
 135582.386   408.194    -2.71    2.63
 135958.210   408.123    -0.19    2.71
 136334.020   408.410     0.76    2.72
 136709.816   408.575     0.44    2.04
 137085.598   409.205     1.68    1.35
 137461.365   410.027     2.19    2.06
 137837.119   411.504     3.93    3.09
 138212.858   413.175     4.45    3.89
 138588.584   414.670     3.98    3.62
 138964.295   415.358     1.83    3.24
 139339.992   416.294     2.49    2.30
 139715.675   417.482     3.16    2.44
 140091.345   418.919     3.83    2.59
 140467.000   420.360     3.83    2.41
 140842.641   421.462     2.93    1.63
 141218.267   421.953     1.31    1.63
 141593.880   422.077     0.33    1.61
 141969.479   422.242     0.44    1.95
 142345.064   422.289     0.13    2.13
 142720.635   422.735     1.19    2.06
 143096.191   423.089     0.94    2.00
 143471.734   423.674     1.56    1.68
 143847.263   424.043     0.98    1.70
 144222.777   424.594     1.47    1.92
 144598.278   424.750     0.42    2.08
 144973.765   424.930     0.48    2.05
 145349.237   425.128     0.53    2.11
 145724.696   425.504     1.00    2.10
 146100.140   426.004     1.33    2.01
 146475.571   426.456     1.20    2.08
 146850.987   427.075     1.65    1.52
 147226.390   427.285     0.56    1.61
 147601.778   427.147    -0.37    1.86
 147977.153   427.560     1.10    2.10
 148352.513   428.238     1.81    2.06
 148727.860   428.337     0.26    2.12
 149103.192   428.702     0.97    2.23
 149478.511   428.848     0.39    1.95
 149853.816   429.194     0.92    1.89
 150229.106   428.647    -1.46    1.43
 150604.383   428.060    -1.56    1.25
 150979.646   427.385    -1.80    1.45
 151354.894   427.059    -0.87    1.29
 151730.129   427.106     0.12    1.32
 152105.350   427.263     0.42    1.31
 152480.557   427.410     0.39    1.25
 152855.750   427.189    -0.59    1.29
 153230.929   426.757    -1.15    1.31
 153606.094   426.575    -0.48    1.38
 153981.245   426.147    -1.14    1.51
 154356.382   425.775    -0.99    1.38
 154731.505   425.750    -0.07    1.30
 155106.614   425.910     0.42    1.47
 155481.710   426.092     0.49    1.36
 155856.791   426.165     0.20    1.33
 156231.859   425.932    -0.62    1.45
 156606.912   425.766    -0.44    1.36
 156981.952   425.750    -0.04    1.24
 157356.978   425.432    -0.85    1.08
 157731.989   425.359    -0.20    1.11
 158106.987   425.152    -0.55    1.17
 158481.971   425.004    -0.40    1.13
 158856.942   424.966    -0.10    1.38
 159231.898   424.670    -0.79    1.38
 159606.840   424.385    -0.76    1.39
 159981.769   424.226    -0.42    1.29
 160356.683   424.210    -0.04    1.30
 160731.584   424.432     0.59    1.23
 161106.471   424.766     0.89    1.23
 161481.344   424.872     0.28    1.30
 161856.203   424.635    -0.63    1.48
 162231.048   424.487    -0.39    1.60
 162605.880   424.531     0.12    1.51
 162980.697   424.575     0.12    1.64
 163355.501   424.580     0.01    1.74
 163730.291   423.998    -1.55    1.70
 164105.067   423.718    -0.75    1.53
 164479.829   423.647    -0.19    1.52
 164854.577   424.152     1.35    1.70
 165229.312   424.908     2.02    1.71
 165604.032   424.837    -0.19    1.78
 165978.739   424.085    -2.01    2.29
 166353.432   423.287    -2.13    2.28
 166728.111   422.235    -2.81    1.72
 167102.777   422.043    -0.51    1.65
 167477.428   421.580    -1.24    1.82
 167852.066   421.004    -1.54    1.85
 168226.690   420.458    -1.46    1.57
 168601.300   420.524     0.18    1.06
 168975.896   420.742     0.58    1.23
 169350.478   420.860     0.31    1.22
 169725.047   421.068     0.56    1.17
 170099.602   421.147     0.21    1.32
 170474.143   421.287     0.38    1.28
 170848.670   421.027    -0.69    1.53
 171223.184   420.970    -0.15    1.69
 171597.684   420.385    -1.56    1.99
 171972.169   419.110    -3.40    2.54
 172346.642   418.242    -2.32    2.26
 172721.100   417.604    -1.70    1.90
 173095.545   417.360    -0.65    1.39
 173469.976   417.238    -0.33    1.77
 173844.393   416.641    -1.59    2.06
 174218.796   416.803     0.43    2.08
 174593.186   416.692    -0.30    2.08
 174967.561   415.623    -2.86    2.89
 175341.924   413.861    -4.71    3.83
 175716.272   411.432    -6.49    3.64
 176090.606   409.175    -6.03    2.48
 176464.927   408.227    -2.53    2.31
 176839.234   407.612    -1.64    2.23
 177213.528   406.485    -3.01    2.71
 177587.808   404.059    -6.48    4.69
 177962.073   400.647    -9.12    5.63
 178336.326   397.641    -8.03    4.52
 178710.564   395.635    -5.36    2.49
 179084.789   394.885    -2.00    1.91
 179459.000   394.165    -1.92    2.41
 179834.642   392.385    -4.74    2.43
 180211.593   390.726    -4.40    2.09
 180588.530   389.524    -3.19    1.58
 180965.453   388.516    -2.67    1.46
 181342.362   388.260    -0.68    1.52
 181719.258   388.123    -0.36    1.68
 182096.139   387.799    -0.86    1.53
 182473.007   387.313    -1.29    1.49
 182849.860   386.795    -1.38    1.41
 183226.700   386.336    -1.22    1.48
 183603.526   385.824    -1.36    1.50
 183980.338   385.458    -0.97    1.57
 184357.136   385.116    -0.91    1.84
 184733.920   384.051    -2.83    2.76
 185110.691   382.385    -4.42    3.79
 185487.447   380.263    -5.63    3.66
 185864.190   379.504    -2.01    2.72
 186240.918   379.766     0.70    2.50
 186617.633   380.504     1.96    2.00
 186994.334   381.604     2.92    1.94
 187371.022   381.580    -0.06    2.04
 187747.695   382.313     1.95    2.45
 188124.354   382.147    -0.44    2.95
 188501.000   380.106    -5.42    3.64
 188877.632   378.456    -4.38    3.60
 189254.250   376.099    -6.26    2.17
 189630.854   374.799    -3.45    1.99
 190007.444   373.694    -2.93    1.96
 190384.020   372.750    -2.51    1.56
 190760.583   372.361    -1.03    1.57
 191137.132   372.165    -0.52    1.54
 191513.667   372.824     1.75    1.76
 191890.188   373.810     2.62    1.58
 192266.695   374.189     1.01    1.25
 192643.189   374.410     0.58    0.92
 193019.669   374.099    -0.83    1.02
 193396.135   374.170     0.19    1.30
 193772.587   374.289     0.32    1.71
 194149.025   374.027    -0.70    1.76
 194525.449   374.026    -0.00    1.68
 194901.860   373.861    -0.44    1.52
 195278.257   373.702    -0.42    1.46
 195654.640   373.571    -0.35    1.48
 196031.010   373.337    -0.62    2.14
 196407.365   372.832    -1.34    2.18
 196783.707   371.453    -3.66    3.00
 197160.035   369.872    -4.20    3.42
 197536.350   367.170    -7.18    3.97
 197912.650   363.507    -9.73    4.62
 198288.937   360.464    -8.09    4.68
 198665.210   357.794    -7.09    3.86
 199041.469   356.051    -4.63    2.64
 199417.715   355.824    -0.60    3.05
 199793.947   355.599    -0.60    3.61
 200170.165   355.513    -0.23    3.89
 200546.369   355.657     0.38    4.14
 200922.560   354.615    -2.77    3.18
 201298.737   353.677    -2.49    2.02
 201674.900   354.147     1.25    2.30
 202051.049   356.110     5.22    4.03
 202427.185   357.066     2.54    4.34
 202803.307   357.490     1.13    4.67
 203179.415   356.813    -1.80    4.88
 203555.510   354.980    -4.87    4.54
 203931.590   354.458    -1.39    4.79
 204307.657   353.896    -1.49    5.08
 204683.711   352.513    -3.68    3.85
 205059.751   353.932     3.77    5.00
 205435.777   354.789     2.28    5.46
 205811.789   354.218    -1.52    5.43
 206187.788   353.043    -3.12    4.64
 206563.773   352.160    -2.35    3.40
 206939.744   351.872    -0.76    3.38
 207315.702   351.510    -0.96    3.67
 207691.645   351.527     0.05    3.79
 208067.576   350.750    -2.07    3.80
 208443.492   350.027    -1.92    2.12
 208819.395   350.604     1.53    2.08
 209195.284   350.848     0.65    1.89
 209571.160   351.482     1.69    1.83
 209947.022   351.504     0.06    1.78
 210322.870   351.189    -0.84    1.60
 210698.705   350.551    -1.70    1.38
 211074.526   350.027    -1.39    1.69
 211450.333   349.803    -0.60    1.75
 211826.127   349.051    -2.00    1.68
 212201.907   349.235     0.49    1.82
 212577.674   349.410     0.47    1.75
 212953.426   348.994    -1.10    2.07
 213329.166   348.555    -1.17    2.33
 213704.891   348.189    -0.97    2.12
 214080.603   348.194     0.01    1.90
 214456.302   348.154    -0.11    2.05
 214831.986   347.551    -1.60    2.04
 215207.657   347.238    -0.83    2.57
 215583.315   347.170    -0.18    2.56
 215958.959   347.580     1.09    2.81
 216334.589   348.858     3.40    3.01
 216710.206   349.635     2.07    2.38
 217085.809   349.360    -0.73    2.35
 217461.399   349.092    -0.71    2.23
 217836.975   348.068    -2.73    2.47
 218212.537   346.667    -3.73    2.28
 218588.086   346.430    -0.63    2.34
 218963.621   345.949    -1.28    2.45
 219339.143   346.432     1.29    2.91
 219714.651   347.873     3.84    3.11
 220090.145   348.510     1.70    3.20
 220465.626   349.248     1.97    3.66
 220841.094   349.253     0.01    4.16
 221216.548   348.885    -0.98    4.44
 221591.988   347.687    -3.19    4.41
 221967.415   346.361    -3.53    4.28
 222342.828   344.623    -4.63    4.11
 222718.228   342.692    -5.14    3.73
 223093.614   341.527    -3.10    2.47
 223468.986   340.872    -1.74    1.86
 223844.345   341.861     2.63    2.34
 224219.691   342.861     2.66    2.09
 224595.023   342.685    -0.47    2.03
 224970.341   343.238     1.47    3.02
 225345.646   342.910    -0.88    3.01
 225720.938   343.019     0.29    2.71
 226096.216   343.433     1.10    2.58
 226471.480   342.599    -2.22    1.39
 226846.731   342.238    -0.96    1.48
 227221.969   342.106    -0.35    1.69
 227597.192   342.702     1.59    2.05
 227972.403   343.310     1.62    2.18
 228347.600   343.946     1.69    2.47
 228722.783   344.337     1.04    2.52
 229097.953   344.629     0.78    2.55
 229473.110   345.313     1.82    2.26
 229848.253   345.760     1.19    2.38
 230223.382   346.482     1.93    2.35
 230598.498   346.615     0.36    2.49
 230973.601   347.289     1.80    2.05
 231348.690   347.385     0.25    2.47
 231723.766   347.170    -0.57    3.06
 232098.828   347.160    -0.03    2.79
 232473.876   346.332    -2.21    3.76
 232848.912   346.338     0.02    3.68
 233223.934   345.970    -0.98    3.95
 233598.942   345.653    -0.85    4.32
 233973.937   345.726     0.20    4.12
 234348.918   345.487    -0.64    3.87
 234723.886   345.680     0.51    3.16
 235098.841   345.282    -1.06    2.66
 235473.782   343.956    -3.54    2.34
 235848.710   342.956    -2.67    1.94
 236223.624   343.085     0.34    1.74
 236598.525   342.566    -1.38    2.05
 236973.413   341.753    -2.17    2.74
 237348.287   341.013    -1.98    2.69
 237723.148   340.409    -1.61    2.32
 238097.995   340.623     0.57    2.31
 238472.829   340.946     0.86    2.06
 238847.649   341.462     1.38    2.31
 239222.456   342.099     1.70    2.77
 239597.250   343.085     2.63    3.05
 239972.030   344.165     2.88    2.69
 240346.797   344.994     2.21    2.37
 240721.551   345.409     1.11    1.93
 241096.291   345.507     0.26    1.91
 241471.018   345.775     0.72    1.72
 241845.731   345.910     0.36    1.57
 242220.431   345.599    -0.83    1.60
 242595.118   345.099    -1.33    1.45
 242969.791   344.604    -1.32    1.47
 243344.451   344.123    -1.28    1.34
 243719.097   343.994    -0.34    1.24
 244093.730   343.435    -1.49    1.38
 244468.350   342.580    -2.28    1.55
 244842.957   341.664    -2.44    1.50
 245217.550   340.575    -2.91    1.53
 245592.130   339.604    -2.59    1.52
 245966.696   338.750    -2.28    1.61
 246341.249   338.085    -1.78    1.71
 246715.789   337.538    -1.46    1.42
 247090.316   337.106    -1.16    1.64
 247464.829   336.710    -1.06    1.82
 247839.329   336.238    -1.26    2.15
 248213.815   335.289    -2.53    2.24
 248588.288   334.462    -2.21    2.26
 248962.748   333.036    -3.81    2.05
 249337.195   331.832    -3.21    1.75
 249711.628   331.203    -1.68    1.74
