# NaN NaN NaN ;Mean Elev.(m), Avg Gradient(m/km), RMS Gradient(m/km) - SRTM1     
#   79.425   0.337   3.470 ;Mean Elev.(m), Avg Gradient(m/km), RMS Gradient(m/km) - ASTER GDEM
#   72.264   0.501   3.204 ;Mean Elev.(m), Avg Gradient(m/km), RMS Gradient(m/km) - GMTED2010 
 10    74.739 52562.33743183 37.24  32.694626  25.778154 14.539
 10    70.049 52562.33743248 47.93  32.693786  25.774854 14.539
 12    69.335 52632.33739236 35.73  32.691736  25.775100 14.898
 12    69.313 52632.33739301 35.23  32.690896  25.771800 14.898
 13    69.729 52667.33741160 53.50  32.687995  25.774226 20.993
 13    69.676 52667.33741224 48.66  32.687155  25.770926 20.993
 15    70.540 52737.33742479 49.24  32.691052  25.776032  8.225
 15    70.455 52737.33742544 47.90  32.690212  25.772732  8.225
 16    71.180 52772.33739113 42.75  32.690079  25.775046 18.312
 16    71.238 52772.33739178 50.33  32.689239  25.771756 18.312
 17    72.395 52807.33744798 52.74  32.690498  25.775143 14.902
 17    72.409 52807.33744863 52.56  32.689658  25.771853 14.902
 18    75.065 52842.33750609 32.58  32.693017  25.777437 15.725
 18    72.354 52842.33750674 34.93  32.692177  25.774147 15.725
 19    71.485 52877.33754478 40.84  32.690369  25.777009 13.872
 19    71.660 52877.33754543 49.57  32.689529  25.773719 13.872
 20    70.356 52912.33750286 44.63  32.696413  25.778077 12.416
 20    69.958 52912.33750351 51.53  32.695573  25.774777 12.416
 23    69.331 53017.33749218 46.40  32.688087  25.775014 18.202
 23    69.420 53017.33749283 42.09  32.687247  25.771724 18.202
 24    70.067 53052.33747128 49.94  32.696284  25.777801 18.263
 24    70.201 53052.33747192 51.00  32.695444  25.774511 18.263
 25    75.074 53087.33750968 37.69  32.679388  25.772022 14.323
 25    70.907 53087.33751032 40.73  32.678548  25.768732 14.323
 26    72.035 53122.33747853 44.91  32.691206  25.775132 13.607
 26    72.056 53122.33747918 51.24  32.690366  25.771842 13.607
 27    75.234 53157.33753519 25.68  32.684476  25.773953 22.847
 27    72.474 53157.33753584 35.97  32.683636  25.770663 22.847
 28    72.436 53192.33752731 51.15  32.695187  25.776869 17.148
 28    72.446 53192.33752795 50.81  32.694347  25.773579 17.148
 29    74.989 53227.33752768 33.90  32.693540  25.776889 15.480
 29    72.337 53227.33752833 45.57  32.692700  25.773599 15.480
 31    75.069 53297.33753869 31.31  32.681999  25.773043 16.949
 31    70.356 53297.33753934 34.50  32.681159  25.769753 16.949
 32    75.240 53332.33750957 28.68  32.691021  25.777168 20.709
 32    69.835 53332.33751021 35.25  32.690181  25.773868 20.709
 33    69.351 53367.33745479 50.86  32.690660  25.776164 20.165
 33    69.302 53367.33745543 50.82  32.689820  25.772864 20.165
 34    69.960 53402.33748280 38.86  32.691859  25.777190 16.897
 34    69.725 53402.33748345 36.35  32.691019  25.773890 16.897
 35    70.738 53437.33747201 51.46  32.690186  25.776752 19.887
 35    70.702 53437.33747265 53.08  32.689346  25.773452 19.887
 36    71.030 53472.33752523 46.67  32.688575  25.776713 18.859
 36    71.204 53472.33752588 54.78  32.687735  25.773423 18.859
 36    71.137 53472.33752652 47.92  32.686895  25.770133 18.859
 37    73.792 53507.33755443 33.37  32.688053  25.775711 17.094
 37    71.629 53507.33755507 37.11  32.687213  25.772411 17.094
 38    72.497 53542.33756215 45.65  32.686750  25.775730 14.160
 38    72.568 53542.33756280 47.36  32.685910  25.772440 14.160
 39    72.555 53577.33754941 48.84  32.686275  25.773479 14.339
 39    72.624 53577.33755005 47.42  32.685435  25.770189 14.339
 40    71.973 53612.33750152 37.80  32.684703  25.774247 18.153
 40    71.877 53612.33750217 36.88  32.683863  25.770957 18.153
 41    70.221 53647.33750579 37.21  32.694065  25.776623 24.063
 41    70.212 53647.33750643 35.37  32.693225  25.773323 24.063
 42    70.672 53682.33752222 46.87  32.683746  25.774411 17.050
 42    70.712 53682.33752287 52.29  32.682906  25.771121 17.050
 43    69.401 53717.33744888 51.61  32.691884  25.776789 21.951
 43    69.492 53717.33744953 52.24  32.691044  25.773499 21.951
 44    69.022 53752.33736795 51.84  32.700113  25.778462 18.442
 44    69.246 53752.33736859 49.89  32.699273  25.775172 18.442
 45    70.342 53787.33739864 37.35  32.693940  25.776461 18.245
 45    70.545 53787.33739928 41.34  32.693100  25.773161 18.245
 47    71.356 53857.33744525 34.86  32.687156  25.773551 15.710
 47    71.398 53857.33744589 45.51  32.686316  25.770251 15.710
 48    72.618 53892.33745739 48.63  32.696484  25.778318 19.182
 48    72.676 53892.33745803 53.29  32.695644  25.775018 19.182
 49    72.646 53927.33751914 51.58  32.679420  25.771466 18.346
 49    72.653 53927.33751979 49.71  32.678580  25.768176 18.346
 50    72.004 53962.33750297 41.13  32.681585  25.773236 20.742
 50    71.981 53962.33750361 36.99  32.680745  25.769936 20.742
 52    70.669 54032.33749750 42.63  32.695210  25.778188 25.844
 52    70.687 54032.33749815 46.55  32.694370  25.774898 25.844
 54    69.443 54102.33745242 52.42  32.687413  25.774658 21.421
 54    69.453 54102.33745307 51.67  32.686573  25.771368 21.421
 55    70.158 54137.33741997 48.21  32.691952  25.775961 21.991
 55    69.901 54137.33742061 50.56  32.691112  25.772671 21.991
 56    70.908 54172.33742968 41.44  32.687747  25.775135 14.361
 56    70.863 54172.33743033 33.31  32.686907  25.771835 14.361
 57    70.764 54207.33742551 37.46  32.691012  25.775525 13.678
 57    70.870 54207.33742616 40.76  32.690172  25.772225 13.678
 58    72.162 54242.33745759 40.33  32.691128  25.775739 15.294
 58    71.951 54242.33745823 42.66  32.690288  25.772449 15.294
 59    72.583 54277.33747176 51.73  32.691087  25.776322 14.864
 59    72.470 54277.33747240 52.74  32.690247  25.773032 14.864
 60    72.680 54312.33747233 51.40  32.691989  25.776969 15.893
 60    72.676 54312.33747297 53.29  32.691149  25.773679 15.893
 61    71.953 54347.33744496 35.96  32.688890  25.775579 14.353
 61    72.035 54347.33744560 36.93  32.688050  25.772289 14.353
 62    72.211 54382.33740982 54.58  32.692614  25.775533 18.658
 62    72.146 54382.33741046 50.34  32.691764  25.772233 18.658
 63    71.625 54417.33739455 44.74  32.688725  25.775051 14.481
 63    71.299 54417.33739520 45.64  32.687885  25.771751 14.481
 64    69.491 54452.33737878 48.79  32.693617  25.777950 15.112
 64    69.558 54452.33737942 49.88  32.692777  25.774660 15.112
 65    69.741 54487.33739181 49.78  32.691651  25.775125 18.961
 65    69.658 54487.33739246 45.87  32.690811  25.771835 18.961
 66    70.700 54522.33739254 39.73  32.693021  25.775393 18.750
 66    70.620 54522.33739319 34.47  32.692181  25.772103 18.750
 67    71.204 54557.33740180 38.90  32.688620  25.775030 13.745
 67    71.332 54557.33740244 41.74  32.687780  25.771740 13.745
 68    71.662 54592.33738827 51.76  32.690508  25.775444 16.690
 68    71.740 54592.33738891 51.19  32.689658  25.772154 16.690
 69    72.708 54627.33740388 39.89  32.689949  25.776450 13.530
 69    72.667 54627.33740453 42.51  32.689099  25.773160 13.530
 70    72.754 54662.33741172 52.12  32.688474  25.774710 13.968
 70    72.734 54662.33741236 49.68  32.687634  25.771420 13.968
 71    72.281 54697.33738620 46.61  32.690661  25.777577 15.411
 71    72.409 54697.33738684 52.29  32.689821  25.774287 15.411
 71    72.347 54697.33738749 53.86  32.688981  25.770987 15.411
 72    71.271 54732.33736799 41.85  32.692341  25.776195 15.151
 72    71.092 54732.33736864 46.37  32.691501  25.772905 15.151
 73    70.595 54767.33736607 34.31  32.691097  25.776980 15.014
 73    70.513 54767.33736672 38.19  32.690257  25.773690 15.014
 74    69.977 54802.33736208 36.29  32.691182  25.775440 12.813
 74    70.141 54802.33736273 37.06  32.690342  25.772150 12.813
 75    69.727 54837.33735863 48.20  32.690604  25.775660 16.624
 75    69.735 54837.33735927 46.23  32.689764  25.772370 16.624
 76    75.437 54872.33736061 31.34  32.692397  25.777936 16.388
 76    70.161 54872.33736126 35.04  32.691557  25.774646 16.388
 77    70.991 54907.33736678 52.41  32.685990  25.774168 15.865
 77    70.938 54907.33736742 55.61  32.685150  25.770878 15.865
 78    71.530 54942.33735330 49.26  32.690985  25.775730 12.751
 78    71.266 54942.33735394 49.84  32.690145  25.772440 12.751
 79    75.153 54977.33738110 28.53  32.689734  25.776355 12.543
 79    72.091 54977.33738175 35.85  32.688884  25.773065 12.543
 80    72.398 55012.33738910 47.57  32.689675  25.776621 12.285
 80    72.570 55012.33738975 50.09  32.688835  25.773331 12.285
 81    72.333 55047.33738101 50.72  32.691461  25.776075 12.774
 81    72.205 55047.33738166 49.66  32.690621  25.772785 12.774
 82    71.025 55082.33735307 35.73  32.688109  25.774644 12.582
 82    71.188 55082.33735372 39.85  32.687269  25.771344 12.582
 83    70.616 55117.33731338 48.26  32.692900  25.775933 17.477
 83    70.558 55117.33731403 50.00  32.692060  25.772643 17.477
 84    70.344 55152.33731104 41.11  32.689018  25.776024 16.259
 84    70.208 55152.33731169 38.17  32.688178  25.772724 16.259
 85    69.331 55187.33729977 45.30  32.692137  25.778032 16.519
 85    69.271 55187.33730041 46.92  32.691297  25.774742 16.519
 85    69.354 55187.33730106 45.91  32.690457  25.771452 16.519
 86    69.881 55222.33731017 50.45  32.688929  25.774445 15.162
 86    69.875 55222.33731082 48.22  32.688079  25.771155 15.162
 87    70.370 55257.33729633 50.22  32.692311  25.776463 18.886
 87    70.467 55257.33729697 50.08  32.691471  25.773173 18.886
 88    70.859 55292.33729746 45.30  32.687910  25.775561 12.278
 88    70.759 55292.33729811 43.10  32.687070  25.772261 12.278
 89    71.309 55327.33728008 37.40  32.688817  25.776150 15.004
 89    71.199 55327.33728073 39.49  32.687977  25.772860 15.004
 90    75.280 55362.33727622 35.78  32.689577  25.777209 13.736
 90    72.164 55362.33727686 33.44  32.688737  25.773919 13.736
 90    72.168 55362.33727750 44.22  32.687897  25.770629 13.736
 91    72.162 55397.33728380 35.46  32.691811  25.776097 16.925
 91    72.105 55397.33728444 41.04  32.690961  25.772807 16.925
 92    71.725 55432.33729135 33.21  32.692402  25.775730 14.323
 92    71.848 55432.33729200 45.95  32.691562  25.772430 14.323
 93    70.376 55467.33725084 52.03  32.688851  25.775521 13.479
 93    70.245 55467.33725148 49.90  32.688011  25.772221 13.479
