# NaN NaN NaN ;Mean Elev.(m), Avg Gradient(m/km), RMS Gradient(m/km) - SRTM1     
#   37.215  -3.435   6.991 ;Mean Elev.(m), Avg Gradient(m/km), RMS Gradient(m/km) - ASTER GDEM
#   27.450  -3.888   6.400 ;Mean Elev.(m), Avg Gradient(m/km), RMS Gradient(m/km) - GMTED2010 
 11    30.298 52609.81811772 48.48  30.847195  28.463364 13.839
 11    29.718 52609.81811836 52.44  30.846325  28.466654 13.839
 11    30.930 52609.81811901 49.10  30.845455  28.469944 13.839
 11    31.321 52609.81811965 46.49  30.844575  28.473234 13.839
 18    35.530 52854.81822353 26.36  30.848043  28.455993 14.175
 18    35.336 52854.81822418 25.04  30.847173  28.459283 14.175
 18    32.666 52854.81822482 27.68  30.846303  28.462563 14.175
 18    32.489 52854.81822546 34.22  30.845433  28.465853 14.175
 18    32.623 52854.81822611 31.92  30.844563  28.469143 14.175
 18    31.808 52854.81822675 39.71  30.843693  28.472433 14.175
 18    31.533 52854.81822740 30.92  30.842823  28.475723 14.175
 20    30.305 52924.81821165 43.81  30.847387  28.464020 12.863
 20    30.682 52924.81821229 38.95  30.846507  28.467310 12.863
 20    30.465 52924.81821294 36.40  30.845637  28.470600 12.863
 20    30.929 52924.81821358 37.23  30.844767  28.473890 12.863
 21    35.915 52959.81817868 22.89  30.849551  28.464509 11.048
 21    35.030 52959.81817932 27.06  30.848681  28.467799 11.048
 21    34.578 52959.81817997 27.22  30.847811  28.471089 11.048
 21    35.271 52959.81818061 26.21  30.846941  28.474379 11.048
 23    29.532 53029.81817550 36.33  30.849729  28.465047 10.656
 23    29.944 53029.81817615 41.83  30.848859  28.468337 10.656
 23    30.129 53029.81817679 43.75  30.847989  28.471627 10.656
 23    29.041 53029.81817744 49.44  30.847119  28.474917 10.656
 24    30.625 53064.81818296 46.55  30.849238  28.465518 12.304
 24    30.921 53064.81818361 45.44  30.848368  28.468808 12.304
 24    31.029 53064.81818425 42.90  30.847498  28.472098 12.304
 24    29.819 53064.81818490 48.47  30.846628  28.475388 12.304
 26    31.300 53134.81818347 48.28  30.849916  28.467688 11.206
 26    32.783 53134.81818411 45.56  30.849046  28.470978 11.206
 32    35.204 53344.81820075 19.95  30.848726  28.458691 12.290
 32    34.837 53344.81820139 22.44  30.847856  28.461981 12.290
 32    30.316 53344.81820204 31.55  30.846996  28.465261 12.290
 32    30.196 53344.81820268 34.68  30.846126  28.468551 12.290
 32    30.431 53344.81820333 31.90  30.845246  28.471841 12.290
 32    29.951 53344.81820397 32.06  30.844376  28.475131 12.290
 37    35.779 53519.81825287 24.73  30.848844  28.460305 12.486
 37    35.601 53519.81825352 23.90  30.847984  28.463585 12.486
 37    34.727 53519.81825416 26.51  30.847114  28.466875 12.486
 37    32.160 53519.81825481 31.19  30.846234  28.470165 12.486
 37    32.226 53519.81825545 30.87  30.845364  28.473455 12.486
 42    30.357 53694.81820114 37.95  30.847227  28.462294 14.110
 42    30.819 53694.81820178 48.03  30.846367  28.465574 14.110
 42    29.488 53694.81820243 52.63  30.845497  28.468864 14.110
 42    30.724 53694.81820307 48.20  30.844617  28.472154 14.110
 42    31.258 53694.81820372 45.59  30.843747  28.475444 14.110
 44    35.362 53764.81808999 27.40  30.849924  28.466408 10.490
 44    30.158 53764.81809064 29.38  30.849054  28.469698 10.490
 44    30.389 53764.81809128 30.51  30.848184  28.472988 10.490
 50    32.159 53974.81818340 36.84  30.845773  28.463027 15.227
 50    31.953 53974.81818598 45.45  30.842293  28.476177 15.227
 52    36.020 54044.81819788 20.61  30.849830  28.466856  9.190
 52    30.639 54044.81819853 26.06  30.848970  28.470136  9.190
 52    36.503 54044.81819917 21.12  30.848090  28.473426  9.190
 53    35.431 54079.81818969 20.71  30.848757  28.459761 11.589
 53    34.831 54079.81819034 21.48  30.847887  28.463051 11.589
 53    34.903 54079.81819098 20.25  30.847017  28.466341 11.589
 53    30.472 54079.81819163 25.73  30.846157  28.469621 11.589
 53    30.663 54079.81819227 32.05  30.845277  28.472911 11.589
 53    30.519 54079.81819291 26.30  30.844407  28.476201 11.589
 54    30.502 54114.81812614 45.78  30.849839  28.464289 13.608
 54    29.747 54114.81812679 47.44  30.848969  28.467579 13.608
 54    31.044 54114.81812743 47.18  30.848109  28.470859 13.608
 54    30.588 54114.81812808 43.68  30.847239  28.474149 13.608
 56    35.097 54184.81811688 21.48  30.849375  28.465253  8.274
 56    31.436 54184.81811753 30.31  30.848505  28.468543  8.274
 56    30.998 54184.81811817 29.50  30.847635  28.471833  8.274
 56    30.875 54184.81811882 27.14  30.846765  28.475123  8.274
 58    32.358 54254.81817097 40.68  30.846457  28.459215 11.004
 58    31.647 54254.81817161 39.71  30.845587  28.462505 11.004
 58    32.583 54254.81817419 40.78  30.842107  28.475665 11.004
 59    32.523 54289.81817408 29.78  30.848468  28.462780 10.888
 59    32.800 54289.81817472 32.69  30.847598  28.466070 10.888
 59    32.951 54289.81817537 39.81  30.846728  28.469360 10.888
 59    33.086 54289.81817601 39.47  30.845858  28.472650 10.888
 59    31.607 54289.81817666 44.72  30.844988  28.475940 10.888
 60    32.152 54324.81817153 29.08  30.848530  28.463042 10.408
 60    32.882 54324.81817217 27.68  30.847660  28.466332 10.408
 60    32.587 54324.81817282 37.97  30.846790  28.469622 10.408
 60    33.065 54324.81817346 33.95  30.845920  28.472912 10.408
 60    32.679 54324.81817411 33.91  30.845050  28.476202 10.408
 61    35.617 54359.81812635 24.25  30.850234  28.466461  7.754
 61    32.218 54359.81812699 30.79  30.849364  28.469751  7.754
 61    32.823 54359.81812764 27.98  30.848484  28.473041  7.754
 62    32.593 54394.81811082 46.08  30.847903  28.459130 10.915
 62    32.559 54394.81811147 49.00  30.847033  28.462420 10.915
 62    32.766 54394.81811211 49.46  30.846163  28.465710 10.915
 62    33.198 54394.81811276 45.97  30.845293  28.469000 10.915
 62    33.117 54394.81811340 44.68  30.844423  28.472290 10.915
 62    33.076 54394.81811405 45.32  30.843553  28.475580 10.915
 63    35.577 54429.81807634 24.47  30.849247  28.466763  9.750
 63    30.915 54429.81807699 32.30  30.848367  28.470053  9.750
 63    36.158 54429.81807763 24.48  30.847497  28.473343  9.750
 64    30.090 54464.81809101 48.09  30.846655  28.461933 10.859
 64    30.419 54464.81809165 46.68  30.845785  28.465223 10.859
 64    30.295 54464.81809230 45.44  30.844915  28.468513 10.859
 64    30.616 54464.81809294 44.01  30.844045  28.471803 10.859
 64    30.801 54464.81809359 47.19  30.843175  28.475093 10.859
 65    30.612 54499.81808724 28.85  30.848965  28.464499 13.747
 65    30.794 54499.81808788 37.73  30.848095  28.467789 13.747
 65    30.538 54499.81808853 38.14  30.847215  28.471079 13.747
 65    30.904 54499.81808917 44.99  30.846345  28.474369 13.747
 66    35.690 54534.81810492 20.68  30.848814  28.459744  8.857
 66    35.700 54534.81810556 21.39  30.847934  28.463034  8.857
 66    35.596 54534.81810621 19.14  30.847064  28.466324  8.857
 66    34.488 54534.81810685 25.65  30.846194  28.469614  8.857
 66    35.508 54534.81810750 22.13  30.845324  28.472904  8.857
 66    36.644 54534.81810814 18.86  30.844454  28.476194  8.857
 67    34.657 54569.81809070 23.12  30.849969  28.464863  9.342
 67    31.793 54569.81809134 34.45  30.849089  28.468153  9.342
 67    31.116 54569.81809199 42.74  30.848229  28.471443  9.342
 67    30.960 54569.81809263 32.27  30.847349  28.474733  9.342
 68    35.771 54604.81809898 27.01  30.847363  28.455635 13.249
 68    35.417 54604.81809963 27.30  30.846483  28.458925 13.249
 68    35.033 54604.81810027 27.12  30.845613  28.462215 13.249
 69    32.610 54639.81810971 44.58  30.847045  28.460513 12.050
 69    31.504 54639.81811035 37.39  30.846165  28.463803 12.050
 69    33.128 54639.81811100 28.64  30.845295  28.467093 12.050
 69    33.087 54639.81811164 31.94  30.844425  28.470383 12.050
 69    33.127 54639.81811229 36.80  30.843555  28.473673 12.050
 70    32.550 54674.81811227 47.09  30.846087  28.460622 14.937
 70    31.730 54674.81811291 52.96  30.845217  28.463912 14.937
 71    34.938 54709.81807077 24.97  30.849711  28.468454  9.835
 71    32.678 54709.81807142 27.33  30.848841  28.471744  9.835
 72    35.426 54744.81807836 22.12  30.847228  28.456402  9.570
 72    35.035 54744.81807901 24.11  30.846348  28.459692  9.570
 72    34.902 54744.81807965 23.83  30.845478  28.462982  9.570
 72    30.126 54744.81808223 34.04  30.841998  28.476142  9.570
 73    30.579 54779.81805287 42.54  30.849292  28.462380 13.743
 73    30.963 54779.81805351 44.49  30.848412  28.465670 13.743
 73    31.173 54779.81805416 45.66  30.847542  28.468960 13.743
 73    30.896 54779.81805480 43.04  30.846672  28.472250 13.743
 73    30.474 54779.81805545 44.84  30.845802  28.475540 13.743
 74    30.606 54814.81807274 46.43  30.845351  28.462724 11.768
 74    30.981 54814.81807532 39.17  30.841871  28.475884 11.768
 75    35.872 54849.81805187 25.99  30.849266  28.461240 13.389
 75    35.966 54849.81805252 23.83  30.848396  28.464530 13.389
 75    35.316 54849.81805316 24.96  30.847526  28.467820 13.389
 75    30.338 54849.81805381 30.58  30.846656  28.471110 13.389
 75    35.412 54849.81805445 25.48  30.845786  28.474400 13.389
 76    30.840 54884.81807563 42.75  30.845739  28.459184 13.145
 76    30.373 54884.81807628 44.80  30.844869  28.462474 13.145
 77    34.510 54919.81805340 26.81  30.848730  28.461350 13.873
 77    35.570 54919.81805405 23.49  30.847860  28.464640 13.873
 77    31.197 54919.81805469 29.19  30.846990  28.467930 13.873
 77    31.348 54919.81805533 31.09  30.846120  28.471220 13.873
 77    31.168 54919.81805598 29.95  30.845250  28.474510 13.873
 80    32.023 55024.81808690 49.73  30.848483  28.464145 13.989
 80    31.793 55024.81808754 50.93  30.847613  28.467435 13.989
 80    32.422 55024.81808819 47.38  30.846743  28.470725 13.989
 80    32.801 55024.81808883 46.27  30.845873  28.474015 13.989
 81    31.632 55059.81808072 38.19  30.847914  28.460136 11.612
 81    31.584 55059.81808136 32.04  30.847044  28.463426 11.612
 81    32.194 55059.81808201 26.86  30.846174  28.466716 11.612
 81    32.354 55059.81808265 28.93  30.845304  28.470006 11.612
 81    32.342 55059.81808329 33.77  30.844434  28.473296 11.612
 82    30.859 55094.81803391 47.32  30.849097  28.465308 12.003
 82    29.214 55094.81803456 52.21  30.848227  28.468598 12.003
 82    31.286 55094.81803520 44.51  30.847357  28.471888 12.003
 82    31.019 55094.81803585 42.07  30.846487  28.475178 12.003
 83    31.096 55129.81802221 40.01  30.846421  28.460841 13.040
 83    30.957 55129.81802285 47.65  30.845551  28.464131 13.040
 84    30.515 55164.81799535 42.79  30.848219  28.464928 13.437
 84    30.809 55164.81799600 45.35  30.847349  28.468218 13.437
 84    30.958 55164.81799664 45.39  30.846479  28.471508 13.437
 84    30.958 55164.81799729 45.11  30.845609  28.474798 13.437
 86    30.295 55234.81800009 44.66  30.848966  28.461516 16.015
 86    30.453 55234.81800074 49.84  30.848096  28.464806 16.015
 86    29.735 55234.81800138 50.45  30.847216  28.468096 16.015
 86    30.609 55234.81800202 48.30  30.846346  28.471386 16.015
 86    30.734 55234.81800267 44.41  30.845476  28.474676 16.015
 87    30.975 55269.81800824 42.60  30.847310  28.460002 12.831
 87    30.906 55269.81800888 46.61  30.846440  28.463292 12.831
 87    31.435 55269.81800952 45.18  30.845570  28.466582 12.831
 87    31.235 55269.81801017 49.16  30.844700  28.469872 12.831
 87    31.475 55269.81801081 43.90  30.843830  28.473162 12.831
 88    31.410 55304.81798239 43.03  30.849964  28.468033  9.749
 88    30.521 55304.81798303 46.11  30.849104  28.471323  9.749
 89    35.538 55339.81798002 25.71  30.848458  28.456836  9.620
 89    35.911 55339.81798067 21.59  30.847588  28.460126  9.620
 89    35.687 55339.81798131 20.66  30.846718  28.463416  9.620
 89    34.930 55339.81798196 22.67  30.845848  28.466706  9.620
 89    31.888 55339.81798260 28.25  30.844978  28.469996  9.620
 89    31.899 55339.81798325 29.71  30.844108  28.473286  9.620
 90    32.246 55374.81797289 45.18  30.848230  28.463653 12.730
 90    32.006 55374.81797354 43.90  30.847360  28.466943 12.730
 90    32.612 55374.81797418 37.67  30.846490  28.470233 12.730
 90    32.947 55374.81797483 42.03  30.845620  28.473523 12.730
 91    31.999 55409.81799472 29.19  30.847019  28.462788 10.368
 91    32.408 55409.81799537 28.91  30.846149  28.466078 10.368
 91    32.429 55409.81799601 28.26  30.845279  28.469368 10.368
 91    32.840 55409.81799666 32.30  30.844409  28.472658 10.368
 91    32.608 55409.81799730 34.07  30.843539  28.475948 10.368
 92    34.660 55444.81798925 26.90  30.848503  28.460314  9.932
 92    34.988 55444.81798990 26.09  30.847633  28.463604  9.932
 92    34.679 55444.81799054 24.66  30.846763  28.466894  9.932
 92    31.626 55444.81799119 26.85  30.845893  28.470184  9.932
 92    31.388 55444.81799183 29.02  30.845023  28.473474  9.932
