# NaN NaN NaN ;Mean Elev.(m), Avg Gradient(m/km), RMS Gradient(m/km) - SRTM1     
#   58.618   1.068  19.352 ;Mean Elev.(m), Avg Gradient(m/km), RMS Gradient(m/km) - ASTER GDEM
# NaN NaN NaN ;Mean Elev.(m), Avg Gradient(m/km), RMS Gradient(m/km) - GMTED2010 
  9   172.584 52514.34306805  9.66  30.952147  27.379226  4.086
  9   171.562 52514.34306870  8.57  30.951287  27.375936  4.086
 13   177.160 52654.34306196  9.70  30.956497  27.379025  4.552
 13   180.474 52654.34306260  8.57  30.955637  27.375735  4.552
 19   180.964 52864.34318828  9.32  30.956979  27.378676  3.551
 19   175.956 52864.34318892  9.63  30.956119  27.375386  3.551
 32   176.240 53319.34317750  9.13  30.954436  27.378932  3.063
 32   178.266 53319.34317815  8.33  30.953576  27.375642  3.063
 35   178.210 53424.34314623  9.27  30.953104  27.379371  3.267
 35   179.080 53424.34314687  8.10  30.952254  27.376081  3.267
 36   180.336 53459.34315116  9.13  30.956178  27.378987  3.432
 36   180.417 53459.34315180  8.93  30.955318  27.375697  3.432
 43   175.513 53704.34314120  9.16  30.952423  27.379337  2.982
 43   178.086 53704.34314185  8.14  30.951563  27.376047  2.982
 64   175.402 54439.34303613  9.05  30.952230  27.379383  3.703
 64   174.474 54439.34303678  8.41  30.951380  27.376093  3.703
 72   175.632 54719.34302353  8.98  30.953174  27.379114  2.921
 72   178.133 54719.34302417  8.21  30.952314  27.375824  2.921
