-281194.080   282.436     0.00    1.73
-280817.350   283.755     3.50    3.33
-280440.605   285.200     3.84    4.53
-280063.846   286.788     4.21    4.85
-279687.071   288.860     5.50    5.51
-279310.282   289.883     2.72    5.76
-278933.477   290.573     1.83    5.45
-278556.658   291.447     2.32    5.48
-278179.824   293.050     4.25    6.26
-277802.975   297.836    12.70    9.94
-277426.111   302.643    12.75   10.56
-277049.233   306.383     9.92    9.30
-276672.339   309.050     7.07    7.66
-276295.430   310.595     4.10    7.33
-275918.507   314.404    10.10    9.55
-275541.568   317.666     8.65    8.50
-275164.615   317.209    -1.21    8.71
-274787.646   315.182    -5.38    9.79
-274412.469   312.005    -8.47   11.84
-274038.442   307.499   -12.04   13.21
-273664.399   301.240   -16.73   15.09
-273290.343   294.550   -17.88   11.72
-272916.271   291.000    -9.49    8.98
-272542.185   288.345    -7.09    6.97
-272168.084   286.708    -4.38    6.91
-271793.968   284.073    -7.04    5.61
-271419.837   281.620    -6.55    4.29
-271045.692   280.131    -3.98    3.49
-270671.532   279.201    -2.49    3.88
-270297.358   278.063    -3.04    3.79
-269923.168   277.641    -1.13    4.84
-269548.964   276.601    -2.78    4.08
-269174.745   276.312    -0.77    3.87
-268800.512   276.955     1.72    3.77
-268426.263   277.379     1.13    3.12
-268052.000   277.969     1.57    3.61
-267677.722   278.294     0.87    2.78
-267303.429   277.407    -2.37    3.27
-266929.122   276.812    -1.59    3.95
-266554.800   275.812    -2.67    3.66
-266180.463   274.669    -3.05    3.93
-265806.111   273.355    -3.51    3.75
-265431.745   272.355    -2.67    2.84
-265057.363   271.574    -2.08    2.49
-264682.967   271.312    -0.70    2.41
-264308.556   270.459    -2.28    2.75
-263934.131   269.621    -2.24    2.82
-263559.690   268.755    -2.31    3.08
-263185.235   268.178    -1.54    4.08
-262810.765   268.330     0.41    5.16
-262436.280   269.925     4.26    6.05
-262061.780   274.135    11.24    8.23
-261687.266   280.155    16.07   12.00
-261312.736   286.823    17.80   14.67
-260938.192   295.526    23.23   15.82
-260563.633   300.955    14.49   13.55
-260189.059   306.955    16.01   10.34
-259814.471   312.160    13.89    7.52
-259439.867   314.721     6.84    7.63
-259065.249   319.135    11.78    6.21
-258690.616   321.764     7.02    5.48
-258315.968   323.026     3.37    5.06
-257941.305   324.407     3.69    4.34
-257566.627   325.502     2.92    4.27
-257191.935   326.575     2.86    4.29
-256817.227   328.806     5.95    4.43
-256442.505   330.770     5.24    4.69
-256067.768   331.431     1.76    4.73
-255693.015   329.502    -5.15    5.73
-255318.249   325.075   -11.81    7.29
-254943.467   322.164    -7.77    6.42
-254568.670   320.883    -3.42    5.74
-254193.858   321.992     2.96    5.79
-253819.032   323.573     4.22    4.96
-253444.191   324.550     2.61    4.36
-253069.334   324.868     0.85    5.71
-252694.463   325.576     1.89    7.28
-252319.577   328.527     7.87    7.00
-251944.676   330.400     4.99    6.36
-251569.760   332.391     5.31    4.20
-251194.829   333.407     2.71    3.69
-250819.884   333.037    -0.99    3.71
-250444.923   330.914    -5.66    5.10
-250069.947   328.832    -5.55    6.28
-249694.957   326.002    -7.54    6.91
-249319.951   324.178    -4.86    6.16
-248944.931   324.940     2.03    5.58
-248569.896   325.800     2.29    5.29
-248194.845   326.839     2.77    4.84
-247819.780   327.641     2.14    4.76
-247444.700   329.201     4.16    4.06
-247069.605   330.240     2.77    4.03
-246694.495   332.002     4.70    3.16
-246319.370   332.627     1.66    2.51
-245944.229   332.550    -0.21    2.72
-245569.074   332.350    -0.53    2.86
-245193.904   331.169    -3.15    2.56
-244818.719   330.931    -0.63    2.47
-244443.520   331.599     1.78    2.79
-244068.305   332.852     3.34    3.15
-243693.075   333.900     2.79    3.64
-243317.830   334.740     2.24    4.01
-242942.570   333.931    -2.16    5.18
-242567.295   332.979    -2.54    5.48
-242192.005   331.217    -4.69    6.05
-241816.700   329.621    -4.25    5.39
-241441.380   326.452    -8.44    4.97
-241066.045   324.843    -4.29    3.89
-240690.695   326.169     3.53    5.71
-240315.330   329.945    10.06    7.51
-239939.950   334.645    12.52    7.75
-239564.555   340.852    16.53    6.17
-239189.145   344.620    10.03    5.21
-238813.720   347.050     6.47    5.06
-238438.280   348.455     3.74    4.20
-238062.825   347.455    -2.66    3.96
-237687.354   347.248    -0.55    3.52
-237311.869   347.829     1.55    3.64
-236936.369   348.360     1.41    3.27
-236560.853   350.013     4.40    3.06
-236185.323   349.740    -0.73    3.44
-235809.777   349.434    -0.82    3.40
-235434.216   348.732    -1.87    3.01
-235058.641   348.131    -1.60    3.30
-234683.050   347.788    -0.91    3.08
-234307.444   347.740    -0.13    3.21
-233931.823   347.217    -1.39    3.35
-233556.187   346.479    -1.96    3.16
-233180.536   345.717    -2.03    3.47
-232804.870   344.623    -2.91    3.33
-232429.188   344.248    -1.00    3.23
-232053.492   344.788     1.44    3.21
-231677.781   346.169     3.67    3.59
-231302.054   347.979     4.82    3.51
-230926.312   349.550     4.18    3.40
-230550.555   350.696     3.05    3.14
-230174.783   351.480     2.09    2.96
-229798.996   351.526     0.12    2.88
-229423.194   351.100    -1.13    2.40
-229047.377   350.387    -1.90    2.15
-228671.544   350.477     0.24    2.22
-228295.696   350.645     0.45    2.30
-227919.834   350.407    -0.63    2.66
-227543.956   350.812     1.08    2.91
-227168.062   350.550    -0.70    4.27
-226792.154   350.140    -1.09    4.71
-226416.231   351.248     2.95    4.65
-226040.292   351.979     1.94    4.47
-225664.338   351.922    -0.15    4.58
-225288.370   350.645    -3.40    4.63
-224912.385   349.734    -2.42    3.79
-224536.386   350.436     1.87    4.36
-224160.372   351.940     4.00    4.88
-223784.342   354.038     5.58    4.28
-223408.297   355.217     3.13    3.67
-223032.237   356.000     2.08    3.19
-222656.162   356.755     2.01    3.32
-222280.072   358.781     5.39    4.48
-221903.966   361.829     8.10    4.83
-221527.845   364.201     6.31    4.53
-221151.709   365.899     4.51    3.82
-220775.558   366.368     1.25    3.93
-220399.391   365.682    -1.82    4.21
-220023.210   363.868    -4.82    5.23
-219647.013   362.355    -4.02    5.11
-219270.801   360.876    -3.93    5.19
-218894.573   359.026    -4.91    6.03
-218518.331   359.396     0.98    5.96
-218142.073   359.823     1.13    8.74
-217765.800   359.960     0.37   10.89
-217389.511   359.740    -0.58   13.24
-217013.208   359.027    -1.89   14.98
-216636.889   356.725    -6.12   15.34
-216260.555   350.027   -17.79   18.31
-215884.205   343.418   -17.56   19.55
-215507.841   338.248   -13.74   18.53
-215131.461   333.085   -13.71   19.23
-214755.066   327.736   -14.21   14.90
-214378.655   324.050    -9.79   12.83
-214002.230   320.813    -8.60    7.81
-213625.789   323.323     6.67    8.45
-213249.332   325.317     5.30   11.63
-212872.861   322.271    -8.09   16.82
-212496.374   313.201   -24.09   21.81
-212119.871   302.576   -28.22   21.61
-211743.354   291.641   -29.04   14.75
-211366.821   284.750   -18.30    7.61
-210990.273   282.931    -4.83    8.50
-210613.710   280.550    -6.32    9.78
-210237.131   278.526    -5.37    9.84
-209860.537   275.732    -7.42    8.14
-209483.927   274.445    -3.42    4.47
-209107.303   274.002    -1.17    4.18
-208730.663   272.387    -4.29    5.36
-208354.007   271.383    -2.66    6.00
-207977.336   268.141    -8.61    7.19
-207600.650   264.114   -10.69    8.05
-207223.949   259.891   -11.21    7.67
-206847.232   257.193    -7.16    4.82
-206470.500   256.907    -0.76    3.85
-206093.752   257.264     0.95    4.17
-205716.989   255.400    -4.95    5.36
-205340.211   252.777    -6.96    5.09
-204963.418   251.875    -2.39    5.94
-204586.609   251.931     0.15    6.10
-204209.784   252.312     1.01    6.22
-203832.944   252.062    -0.66    6.42
-203456.089   252.005    -0.15    5.40
-203079.219   253.325     3.50    6.87
-202702.333   256.383     8.11    8.56
-202325.431   257.759     3.65    8.65
-201948.515   257.404    -0.94    9.01
-201571.583   255.178    -5.90    9.21
-201194.635   254.900    -0.74    9.34
-200817.672   255.074     0.46    8.82
-200440.694   256.907     4.86    9.24
-200063.700   255.455    -3.85    9.03
-199686.691   251.312   -10.99   10.20
-199311.950   246.275   -13.44    9.43
-198937.974   242.597    -9.83    9.05
-198563.983   240.111    -6.64   10.02
-198189.977   237.288    -7.55   10.86
-197815.956   233.005   -11.45   12.37
-197441.920   227.098   -15.79   13.14
-197067.868   223.026   -10.88   11.54
-196693.802   220.806    -5.93   11.44
-196319.720   220.598    -0.56   10.88
-195945.623   222.479     5.03   10.27
-195571.510   223.969     3.98   10.23
-195197.383   223.364    -1.62   12.23
-194823.240   222.317    -2.80   11.15
-194449.082   220.620    -4.54   10.92
-194074.909   214.434   -16.53   17.53
-193700.721   211.434    -8.02   15.99
-193326.517   206.717   -12.60   15.49
-192952.299   199.931   -18.13   18.61
-192578.065   199.294    -1.70   18.70
-192203.815   197.916    -3.68   18.95
-191829.551   204.979    18.87   19.94
-191455.271   215.201    27.31   11.09
-191080.976   217.641     6.52    7.81
-190706.666   217.526    -0.31    6.30
-190332.341   216.645    -2.35    4.49
-189958.000   214.672    -5.27    3.96
-189583.644   213.264    -3.76    3.77
-189209.273   211.836    -3.82    4.16
-188834.886   211.074    -2.03    3.61
-188460.484   211.074     0.00    3.05
-188086.067   210.576    -1.33    2.55
-187711.635   209.709    -2.31    3.00
-187337.187   208.233    -3.94    3.07
-186962.725   207.178    -2.82    2.39
-186588.246   206.431    -1.99    1.92
-186213.753   207.125     1.85    2.58
-185839.244   207.686     1.50    2.85
-185464.720   207.499    -0.50    3.25
-185090.181   207.038    -1.23    4.30
-184715.626   206.062    -2.61    4.56
-184341.056   205.713    -0.93    4.50
-183966.471   205.073    -1.71    5.16
-183591.870   204.103    -2.59    5.71
-183217.254   202.050    -5.48    6.14
-182842.623   201.125    -2.47    5.51
-182467.976   200.414    -1.90    4.79
-182093.314   201.098     1.83    5.00
-181718.637   201.550     1.21    4.23
-181343.944   201.800     0.67    4.00
-180969.237   202.627     2.21    3.80
-180594.513   201.598    -2.75    4.05
-180219.775   199.759    -4.90    3.67
-179845.021   200.224     1.24    4.20
-179470.251   200.323     0.26    5.61
-179095.466   199.422    -2.40    7.48
-178720.666   190.664   -23.36   21.06
-178345.851   178.121   -33.46   28.14
-177971.020   168.666   -25.22   30.88
-177596.174   165.550    -8.31   30.74
-177221.312   160.160   -14.38   33.44
-176846.435   165.800    15.04   33.48
-176471.543   177.500    31.20   23.99
-176096.635   182.217    12.58   20.97
-175721.712   188.224    16.02   17.27
-175346.773   194.193    15.92   12.66
-174971.819   198.669    11.94    9.02
-174596.850   201.704     8.09    6.87
-174221.865   200.550    -3.08    8.78
-173846.865   197.965    -6.89   12.85
-173471.849   196.812    -3.07   13.30
-173096.818   193.193    -9.65   17.66
-172721.772   188.145   -13.46   23.09
-172346.710   167.764   -54.33   37.27
-171971.633   157.621   -27.04   38.35
-171596.540   152.868   -12.67   37.18
-171221.432   161.141    22.05   37.60
-170846.308   183.836    60.49   23.05
-170471.169   190.404    17.51   10.49
-170096.014   191.643     3.30    9.01
-169720.844   190.645    -2.66    8.47
-169345.659   189.621    -2.73    6.40
-168970.458   192.062     6.50    8.99
-168595.241   194.383     6.19   13.60
-168220.009   199.294    13.09   14.42
-167844.762   202.664     8.98   12.37
-167469.499   203.503     2.24   12.20
-167094.221   200.526    -7.93   13.37
-166718.927   195.648   -13.00   12.46
-166343.618   189.431   -16.56   17.96
-165968.293   185.922    -9.35   20.71
-165592.952   184.038    -5.02   20.32
-165217.597   182.240    -4.79   15.67
-164842.225   178.812    -9.13   23.90
-164466.838   176.312    -6.66   28.19
-164091.436   172.224   -10.89   35.68
-163716.018   169.618    -6.94   37.87
-163340.585   161.806   -20.81   38.85
-162965.136   147.713   -37.53   45.84
-162589.672   125.294   -59.70   49.75
-162214.192    97.836   -73.12   52.55
-161838.696    71.431   -70.31   43.63
-161463.185    49.713   -57.83   25.91
-161087.658    37.867   -31.54    7.54
-160712.116    34.288    -9.53    4.31
-160336.559    31.914    -6.32    3.67
-159960.985    29.959    -5.20    2.96
-159585.396    28.383    -4.19    2.67
-159209.792    27.574    -2.15    2.32
-158834.172    26.812    -2.03    1.62
-158458.537    26.145    -1.77    1.64
-158082.886    25.812    -0.89    1.48
-157707.219    25.599    -0.57    1.70
-157331.537    25.690     0.24    2.58
-156955.839    25.989     0.80    2.47
-156580.125    26.026     0.10    2.40
-156204.396    25.764    -0.70    2.34
-155828.652    25.317    -1.19    1.13
-155452.892    25.526     0.56    1.22
-155077.116    25.330    -0.52    1.19
-154701.324    25.391     0.16    1.29
-154325.517    25.623     0.62    1.25
-153949.695    25.527    -0.26    1.18
-153573.856    25.955     1.14    1.43
-153198.002    26.025     0.19    1.43
-152822.133    26.050     0.07    1.42
-152446.248    26.140     0.24    1.37
-152070.347    26.145     0.01    1.43
-151694.430    26.074    -0.19    1.47
-151318.498    26.085     0.03    1.44
-150942.551    26.224     0.37    1.41
-150566.587    26.103    -0.32    1.46
-150190.608    25.914    -0.50    1.78
-149814.614    26.209     0.78    1.53
-149438.603    26.829     1.65    1.89
-149062.577    27.431     1.60    2.35
-148686.536    28.525     2.91    3.00
-148310.478    29.823     3.45    3.55
-147934.405    31.704     5.00    3.12
-147558.316    33.248     4.10    3.16
-147182.212    33.666     1.11    2.71
-146806.092    33.573    -0.25    2.68
-146429.956    32.300    -3.38    3.85
-146053.805    30.971    -3.53    4.50
-145677.637    29.595    -3.66    4.83
-145301.454    28.364    -3.27    5.22
-144925.256    26.992    -3.65    5.72
-144549.042    25.217    -4.72    6.41
-144172.812    23.182    -5.41    5.87
-143796.566    21.777    -3.73    4.80
-143420.304    20.935    -2.24    3.01
-143044.027    22.836     5.05    3.05
-142667.734    24.732     5.04    3.09
-142291.425    25.625     2.37    2.19
-141915.101    25.845     0.59    2.09
-141538.761    26.524     1.80    2.59
-141162.405    26.414    -0.29    2.61
-140786.033    26.505     0.24    2.93
-140409.646    26.480    -0.06    2.88
-140033.243    25.368    -2.95    2.56
-139656.824    24.945    -1.12    2.07
-139280.389    24.664    -0.75    2.22
-138903.939    24.404    -0.69    1.93
-138527.472    24.141    -0.70    2.03
-138150.990    23.812    -0.87    2.05
-137774.493    23.858     0.12    2.42
-137397.979    23.914     0.15    2.28
-137021.450    24.191     0.74    2.31
-136644.904    23.717    -1.26    2.02
-136268.344    23.186    -1.41    1.74
-135891.767    22.669    -1.37    1.31
-135515.174    22.527    -0.38    1.19
-135138.566    22.497    -0.08    1.33
-134761.942    22.573     0.20    1.39
-134385.302    22.666     0.25    1.33
-134008.646    22.664    -0.01    1.53
-133631.974    22.713     0.13    1.54
-133255.287    23.191     1.27    1.66
-132878.583    24.436     3.31    2.17
-132501.864    25.950     4.02    2.72
-132125.129    28.073     5.63    2.90
-131748.378    29.922     4.91    2.64
-131371.612    31.960     5.41    3.21
-130994.829    34.459     6.63    3.37
-130618.031    36.129     4.43    3.28
-130241.216    38.526     6.36    3.29
-129864.386    41.643     8.27    4.93
-129487.540    45.550    10.37    6.29
-129110.679    50.005    11.82    7.20
-128733.801    53.787    10.03    6.39
-128356.907    61.345    20.05   15.41
-127979.998    81.387    53.17   32.89
-127603.072   105.131    62.99   39.75
-127226.131   137.503    85.87   36.25
-126849.174   160.371    60.66   20.87
-126472.201   169.823    25.07   10.88
-126095.212   172.925     8.23    5.81
-125718.207   169.457    -9.20    7.30
-125341.186   166.038    -9.07    8.05
-124964.150   163.675    -6.27    8.68
-124587.097   161.436    -5.94    8.94
-124212.804   161.076    -0.96    8.24
-123838.883   164.505     9.17    9.08
-123464.946   170.085    14.92    8.93
-123090.993   173.062     7.96    6.94
-122717.025   173.969     2.43    6.96
-122343.041   173.242    -1.94    7.62
-121969.042   170.209    -8.11    8.60
-121595.027   165.550   -12.46   10.71
-121220.996   163.431    -5.66    9.66
-120846.950   163.852     1.13    9.54
-120472.888   163.965     0.30    8.39
-120098.810   164.666     1.88    6.84
-119724.716   165.250     1.56    5.83
-119350.607   166.074     2.20    5.36
-118976.482   167.696     4.34    5.33
-118602.342   171.598    10.43    4.74
-118228.185   174.217     7.00    3.14
-117854.014   175.098     2.35    2.57
-117479.826   176.074     2.61    2.62
-117105.622   177.074     2.67    2.50
-116731.403   178.777     4.55    2.67
-116357.169   180.502     4.61    2.56
-115982.918   182.899     6.40    3.27
-115608.652   185.852     7.89    3.87
-115234.370   188.690     7.58    5.70
-114860.072   191.860     8.47    7.69
-114485.758   195.217     8.97    9.15
-114111.429   198.135     7.80    8.75
-113737.084   198.506     0.99    8.13
-113362.724   198.922     1.11    6.94
-112988.347   196.300    -7.00    5.60
-112613.955   194.503    -4.80    4.84
-112239.547   192.479    -5.41    3.92
-111865.123   190.526    -5.21    2.53
-111490.684   190.812     0.76    2.96
-111116.228   190.643    -0.45    4.77
-110741.757   189.936    -1.89    7.90
-110367.270   187.643    -6.12    8.21
-109992.768   186.503    -3.04    9.50
-109618.249   186.852     0.93    9.99
-109243.715   188.193     3.58   11.46
-108869.165   187.288    -2.42   11.39
-108494.599   186.829    -1.23   10.99
-108120.018   185.364    -3.91   11.75
-107745.420   182.740    -7.00   10.23
-107370.807   181.505    -3.30    9.36
-106996.178   180.899    -1.62    8.90
-106621.533   181.135     0.63    8.39
-106246.872   179.217    -5.12    7.53
-105872.196   179.574     0.95    9.29
-105497.503   179.502    -0.19   10.12
-105122.795   180.574     2.86    8.84
-104748.071   181.669     2.92    7.73
-104373.331   179.502    -5.78    8.60
-103998.576   178.233    -3.39    8.59
-103623.804   179.777     4.12   10.32
-103249.017   181.940     5.77   10.91
-102874.213   187.224    14.10   11.19
-102499.394   189.860     7.03   11.06
-102124.559   191.925     5.51    8.68
-101749.708   192.823     2.39    7.58
-101374.842   195.447     7.00    8.79
-100999.959   199.108     9.76   10.57
-100625.060   205.690    17.55   11.21
-100250.146   209.434     9.99   11.06
 -99875.216   214.457    13.40    9.06
 -99500.270   218.155     9.86    7.54
 -99125.308   218.914     2.02    6.55
 -98750.330   217.300    -4.30    8.72
 -98375.336   212.121   -13.81   13.58
 -98000.326   207.936   -11.16   14.07
 -97625.300   205.965    -5.26   13.43
 -97250.259   205.255    -1.89   12.07
 -96875.201   204.371    -2.36    9.86
 -96500.128   205.255     2.36    8.56
 -96125.038   208.736     9.28    9.17
 -95749.933   211.271     6.76   10.04
 -95374.812   213.085     4.84   10.17
 -94999.674   211.806    -3.41   11.21
 -94624.521   209.345    -6.56   12.44
 -94249.352   207.242    -5.61   11.45
 -93874.167   208.598     3.61   11.27
 -93498.966   211.073     6.60    9.97
 -93123.749   213.693     6.98    9.40
 -92748.516   217.209     9.37    7.26
 -92373.267   218.392     3.15    6.24
 -91998.002   215.755    -7.03    8.12
 -91622.722   213.201    -6.80    8.27
 -91247.425   208.595   -12.27    7.64
 -90872.112   203.876   -12.57    8.06
 -90496.783   199.345   -12.07    8.48
 -90121.438   196.914    -6.48    7.00
 -89746.078   198.875     5.22    7.27
 -89370.701   200.457     4.21    6.00
 -88995.308   200.876     1.12    4.43
 -88619.899   199.620    -3.34    5.75
 -88244.475   196.459    -8.42    7.17
 -87869.034   192.366   -10.90    8.95
 -87493.577   189.277    -8.23    9.87
 -87118.104   187.201    -5.53    8.55
 -86742.615   185.852    -3.59    6.60
 -86367.110   190.341    11.95    6.93
 -85991.590   194.063     9.91    7.30
 -85616.053   196.959     7.71    6.98
 -85240.500   200.925    10.56    4.62
 -84864.931   204.550     9.65    5.50
 -84489.345   208.271     9.91    7.22
 -84113.744   212.383    10.95    7.20
 -83738.127   217.118    12.60    7.47
 -83362.494   220.114     7.98    7.54
 -82986.844   223.527     9.09    7.69
 -82611.179   227.574    10.77    6.65
 -82235.498   227.829     0.68    5.12
 -81859.800   225.979    -4.93    5.79
 -81484.086   221.600   -11.65    7.28
 -81108.357   213.800   -20.76    9.68
 -80732.611   206.875   -18.43    9.25
 -80356.849   203.645    -8.59    9.24
 -79981.071   201.666    -5.27    8.75
 -79605.277   203.193     4.06   10.38
 -79229.467   207.618    11.77    9.98
 -78853.640   211.450    10.20    7.00
 -78477.798   212.755     3.47    5.87
 -78101.939   213.050     0.79    4.66
 -77726.065   211.062    -5.29    6.11
 -77350.174   206.836   -11.24    6.44
 -76974.267   204.526    -6.15    5.92
 -76598.344   200.345   -11.12    6.88
 -76222.405   197.475    -7.63    8.79
 -75846.450   193.883    -9.55    9.57
 -75470.478   190.410    -9.24    8.63
 -75094.490   186.891    -9.36    7.47
 -74718.487   184.085    -7.46    7.16
 -74342.467   180.940    -8.36    6.42
 -73966.431   176.783   -11.06    6.33
 -73590.378   172.669   -10.94    5.45
 -73214.310   168.645   -10.70    5.44
 -72838.225   165.574    -8.17    4.27
 -72462.125   163.648    -5.12    3.81
 -72086.008   162.709    -2.50    3.91
 -71709.875   161.900    -2.15    3.96
 -71333.725   161.526    -0.99    4.27
 -70957.560   161.300    -0.60    4.58
 -70581.378   163.193     5.03    4.94
 -70205.180   167.108    10.41    6.95
 -69828.966   172.145    13.39    7.70
 -69452.736   176.693    12.09    6.05
 -69076.489   178.621     5.13    4.42
 -68700.227   178.643     0.06    4.22
 -68323.948   177.526    -2.97    3.76
 -67947.652   175.860    -4.43    3.80
 -67571.341   173.982    -4.99    3.73
 -67195.013   172.209    -4.71    3.12
 -66818.670   169.736    -6.57    4.73
 -66442.309   167.062    -7.11    7.39
 -66065.933   167.169     0.29   11.30
 -65689.541   166.597    -1.52   13.91
 -65313.132   167.979     3.67   14.67
 -64936.707   168.360     1.01   15.33
 -64560.265   163.407   -13.16   16.84
 -64183.808   157.573   -15.50   16.40
 -63807.334   152.979   -12.20   13.68
 -63430.844   148.526   -11.83   13.19
 -63054.337   147.783    -1.97   11.69
 -62677.814   149.836     5.45   14.78
 -62301.275   156.108    16.66   17.15
 -61924.720   162.038    15.75   19.65
 -61548.148   161.431    -1.61   18.18
 -61171.561   162.690     3.34   18.03
 -60794.956   165.740     8.10   16.39
 -60418.336   165.550    -0.51   13.47
 -60041.699   167.387     4.88   10.95
 -59665.046   169.643     5.99    9.14
 -59288.377   172.098     6.52    8.19
 -58911.691   173.410     3.49    7.09
 -58534.989   172.643    -2.04    7.20
 -58158.270   170.169    -6.57    8.15
 -57781.536   165.201   -13.19   10.15
 -57404.785   159.264   -15.76   11.83
 -57028.017   153.193   -16.11   11.71
 -56651.234   146.736   -17.14    9.92
 -56274.433   141.696   -13.37    7.11
 -55897.617   138.209    -9.25    5.40
 -55520.784   137.618    -1.57    5.92
 -55143.935   137.434    -0.49    5.90
 -54767.070   140.852     9.07    8.62
 -54390.188   145.121    11.33    8.90
 -54013.289   149.360    11.24    7.40
 -53636.375   151.599     5.94    4.87
 -53259.444   151.690     0.24    4.10
 -52882.496   150.836    -2.26    3.64
 -52505.533   152.015     3.13    5.43
 -52128.553   156.118    10.88    8.61
 -51751.556   160.350    11.22    9.89
 -51374.543   162.145     4.76    8.42
 -50997.514   162.201     0.15    6.87
 -50620.468   160.574    -4.31    6.39
 -50243.406   157.085    -9.25    5.47
 -49866.327   154.843    -5.95    4.01
 -49489.242   155.074     0.61    3.88
 -49115.391   157.264     5.86    4.37
 -48741.524   159.201     5.18    4.12
 -48367.641   161.907     7.24    3.54
 -47993.742   164.038     5.70    4.04
 -47619.827   166.434     6.41    3.86
 -47245.895   167.599     3.12    3.18
 -46871.948   167.027    -1.53    2.58
 -46497.984   165.350    -4.48    3.10
 -46124.004   163.806    -4.13    3.28
 -45750.008   161.709    -5.61    3.02
 -45375.995   159.945    -4.72    2.90
 -45001.967   157.883    -5.51    2.89
 -44627.922   156.169    -4.58    2.85
 -44253.862   154.717    -3.88    2.78
 -43879.785   153.217    -4.01    2.82
 -43505.692   151.806    -3.77    3.65
 -43131.582   148.664    -8.40    5.12
 -42757.457   145.364    -8.82    5.23
 -42383.315   143.015    -6.28    4.62
 -42009.157   141.573    -3.85    5.06
 -41634.983   142.201     1.68    5.69
 -41260.793   143.085     2.36    5.46
 -40886.586   142.891    -0.52    4.37
 -40512.363   141.686    -3.22    4.79
 -40138.124   139.783    -5.09    5.63
 -39763.869   136.108    -9.82    7.55
 -39389.598   131.502   -12.31    8.00
 -39015.310   127.883    -9.67    7.43
 -38641.006   124.434    -9.22    6.12
 -38266.686   121.414    -8.07    6.29
 -37892.350   117.829    -9.58    5.76
 -37517.997   115.232    -6.94    5.51
 -37143.628   113.026    -5.89    4.53
 -36769.243   111.645    -3.69    3.96
 -36394.842   111.876     0.62    4.13
 -36020.424   112.457     1.55    4.02
 -35645.990   114.026     4.19    4.68
 -35271.540   116.341     6.18    5.63
 -34897.074   118.394     5.48    5.91
 -34522.591   121.186     7.46    5.04
 -34148.092   123.979     7.46    5.84
 -33773.577   127.922    10.53    7.95
 -33399.045   134.945    18.75   11.27
 -33024.497   141.621    17.82   11.85
 -32649.933   151.085    25.26   10.87
 -32275.353   158.550    19.93    8.15
 -31900.756   163.574    13.41    6.32
 -31526.143   166.672     8.27    3.84
 -31151.513   167.783     2.96    3.89
 -30776.868   168.599     2.18    4.02
 -30402.206   169.015     1.11    4.68
 -30027.527   167.907    -2.96    4.95
 -29652.833   166.891    -2.71    4.80
 -29278.121   163.959    -7.83    6.96
 -28903.394   159.396   -12.18    8.07
 -28528.650   156.979    -6.45    8.14
 -28153.890   151.645   -14.23    9.18
 -27779.114   148.131    -9.38   10.18
 -27404.321   143.641   -11.98   11.72
 -27029.512   138.325   -14.18   10.03
 -26654.687   134.345   -10.62   10.48
 -26279.845   130.550   -10.13   10.33
 -25904.987   128.669    -5.02   11.46
 -25530.112   123.597   -13.53   10.69
 -25155.221   120.002    -9.59    9.58
 -24780.314   115.800   -11.21    6.92
 -24405.390   111.781   -10.72    4.78
 -24030.450   109.982    -4.80    4.85
 -23655.493   108.621    -3.63    4.74
 -23280.520   108.457    -0.44    5.48
 -22905.531   109.922     3.91    6.33
 -22530.525   110.794     2.32    6.64
 -22155.503   111.277     1.29    6.27
 -21780.465   110.755    -1.39    5.83
 -21405.410   108.178    -6.87    6.72
 -21030.338   103.387   -12.77    8.92
 -20655.250    98.806   -12.21    9.83
 -20280.146    92.345   -17.22   10.11
 -19905.025    86.655   -15.17    9.20
 -19529.888    83.482    -8.46    9.36
 -19154.735    78.425   -13.48    7.17
 -18779.565    75.845    -6.88    5.96
 -18404.378    73.777    -5.51    5.40
 -18029.175    71.922    -4.94    5.28
 -17653.956    70.255    -4.44    5.87
 -17278.720    68.076    -5.80    6.01
 -16903.468    65.664    -6.43    5.11
 -16528.199    63.271    -6.38    4.99
 -16152.914    62.573    -1.86    6.35
 -15777.612    59.050    -9.39    8.49
 -15402.294    54.037   -13.36    9.74
 -15026.959    49.482   -12.14    9.42
 -14651.608    45.268   -11.23    7.22
 -14276.240    42.271    -7.98    3.58
 -13900.856    41.777    -1.32    4.96
 -13525.456    39.992    -4.76    3.89
 -13150.038    37.914    -5.54    2.92
 -12774.605    36.445    -3.91    2.25
 -12399.154    35.027    -3.78    2.55
 -12023.688    34.193    -2.22    4.14
 -11648.204    34.345     0.41    6.23
 -11272.705    35.294     2.53    8.31
 -10897.188    36.025     1.95   10.09
 -10521.655    35.323    -1.87   10.82
 -10146.106    32.576    -7.31   10.54
  -9770.540    29.914    -7.09    8.93
  -9394.958    27.038    -7.66    6.31
  -9019.359    25.982    -2.81    6.30
  -8643.743    28.982     7.99    9.69
  -8268.111    30.729     4.65   10.21
  -7892.462    32.823     5.57    9.99
  -7516.797    33.750     2.47    8.55
  -7141.115    32.255    -3.98    7.81
  -6765.417    30.050    -5.87    7.19
  -6389.702    29.355    -1.85    6.61
  -6013.970    29.800     1.18    7.33
  -5638.222    28.708    -2.91    7.29
  -5262.457    26.209    -6.65    7.73
  -4886.676    24.108    -5.59    6.91
  -4510.878    20.845    -8.68    5.35
  -4135.063    18.457    -6.36    4.87
  -3759.232    15.755    -7.19    4.69
  -3383.384    12.891    -7.62    4.26
  -3007.520    10.700    -5.83    3.25
  -2631.639     8.527    -5.78    3.12
  -2255.741     7.209    -3.51    3.88
  -1879.827     5.693    -4.03    4.28
  -1503.896     4.505    -3.16    4.26
  -1127.948     2.971    -4.08    4.35
   -751.984     3.005     0.09    4.18
   -376.003     3.131     0.34    4.07
     -0.006     3.277     0.39    3.85
    376.008     4.248     2.58    3.69
    752.039     4.729     1.28    3.85
   1128.087     5.982     3.33    4.11
   1504.151     7.475     3.97    3.67
   1880.232     7.755     0.74    3.21
   2256.329     8.459     1.87    2.15
   2632.443     7.759    -1.86    1.73
   3008.574     7.232    -1.40    1.52
   3384.722     7.076    -0.41    1.61
   3760.886     7.255     0.47    1.81
   4137.067     7.271     0.04    2.06
   4513.264     7.505     0.62    2.07
   4889.479     7.368    -0.36    1.88
   5265.710     7.191    -0.47    1.65
   5641.958     7.050    -0.37    1.52
   6018.222     6.883    -0.44    1.36
   6394.503     6.015    -2.31    2.81
   6770.801     4.959    -2.81    3.72
   7147.116     3.480    -3.93    4.30
   7523.447     2.709    -2.05    3.98
   7899.795     1.839    -2.31    3.62
   8276.160     1.709    -0.35    3.33
   8652.542     2.038     0.87    3.44
   9028.940     3.391     3.59    3.33
   9405.355     4.186     2.11    3.05
   9781.787     4.725     1.43    2.62
  10158.235     5.232     1.35    2.44
  10534.701     5.986     2.00    2.29
  10911.183     6.224     0.63    1.89
  11287.682     6.232     0.02    1.79
  11664.197     6.248     0.04    1.46
  12040.730     6.323     0.20    1.63
  12417.279     6.892     1.51    1.95
  12793.845     7.050     0.42    1.97
  13170.428     6.852    -0.52    1.96
  13547.028     6.641    -0.56    1.89
  13923.644     6.164    -1.27    1.32
  14300.277     6.050    -0.30    1.24
  14676.927     6.050     0.00    1.13
  15053.594     6.345     0.78    1.38
  15430.278     6.620     0.73    1.47
  15806.978     6.436    -0.49    1.47
  16183.696     6.131    -0.81    1.31
  16560.430     5.891    -0.64    1.12
  16937.181     5.839    -0.14    1.01
  17313.949     5.755    -0.23    1.07
  17690.733     5.550    -0.54    1.27
  18067.535     5.224    -0.86    1.15
  18444.353     4.945    -0.74    1.12
  18821.189     4.745    -0.53    0.93
  19198.041     4.709    -0.10    0.78
  19574.910     4.447    -0.69    0.79
  19951.795     4.271    -0.47    0.91
  20328.698     4.005    -0.71    0.98
  20705.618     3.783    -0.59    1.13
  21082.554     3.414    -0.98    1.11
  21459.508     3.287    -0.34    1.13
  21836.478     3.414     0.34    1.19
  22213.465     3.573     0.42    1.18
  22590.469     3.597     0.06    1.17
  22967.490     3.736     0.37    1.12
  23344.528     3.650    -0.23    1.01
  23721.582     3.845     0.52    1.17
  24098.654     4.165     0.85    1.25
  24475.743     4.288     0.33    1.15
  24852.848     4.364     0.20    1.03
  25229.971     4.550     0.49    0.91
  25606.697     4.641     0.24    0.91
  25980.491     4.825     0.49    1.40
  26354.302     4.641    -0.49    1.57
  26728.130     4.383    -0.69    1.67
  27101.974     4.186    -0.53    1.56
  27475.835     3.713    -1.27    1.27
  27849.712     3.479    -0.63    1.28
  28223.606     3.300    -0.48    1.28
  28597.517     3.063    -0.63    1.05
  28971.445     2.709    -0.95    1.18
  29345.389     2.713     0.01    1.33
  29719.350     2.759     0.12    1.41
  30093.327     2.618    -0.38    1.40
  30467.321     2.940     0.86    1.38
  30841.332     2.936    -0.01    1.30
  31215.359     2.704    -0.62    1.23
  31589.403     2.969     0.71    1.26
  31963.464     2.823    -0.39    1.26
  32337.542     2.666    -0.42    1.29
  32711.636     2.368    -0.80    1.24
  33085.747     1.883    -1.30    1.26
  33459.874     2.073     0.51    1.21
  33834.019     2.000    -0.19    1.26
  34208.180     2.255     0.68    1.11
  34582.357     2.232    -0.06    1.47
  34956.552     2.341     0.29    1.68
  35330.763     2.641     0.80    2.15
  35704.991     2.787     0.39    2.07
  36079.235     2.800     0.04    2.02
  36453.496     3.074     0.73    2.05
  36827.774     3.027    -0.12    1.96
  37202.069     3.164     0.36    1.92
  37576.381     3.121    -0.11    1.94
  37950.709     3.323     0.54    1.99
  38325.054     3.366     0.12    1.69
  38699.416     3.755     1.04    2.02
  39073.794     5.085     3.55    2.70
  39448.190     6.255     3.12    3.31
  39822.602     7.936     4.49    4.03
  40197.030     9.268     3.56    4.08
  40571.476    11.186     5.12    3.88
  40945.938    12.675     3.98    3.55
  41320.418    14.255     4.22    3.55
  41694.914    15.317     2.84    3.61
  42069.426    16.434     2.98    3.40
  42443.956    17.620     3.17    3.66
  42818.502    18.832     3.24    3.44
  43193.065    20.618     4.77    3.91
  43567.645    22.550     5.16    4.26
  43942.242    25.503     7.88    4.45
  44316.856    28.341     7.57    4.34
  44691.486    30.783     6.52    4.90
  45066.133    32.982     5.87    5.20
  45440.797    34.242     3.36    5.39
  45815.478    34.459     0.58    5.79
  46190.176    34.264    -0.52    5.54
  46564.890    35.505     3.31    5.16
  46939.622    37.755     6.00    5.35
  47314.370    40.745     7.98    5.38
  47689.135    44.936    11.18    4.54
  48063.917    48.625     9.84    4.17
  48438.716    51.459     7.56    4.88
  48813.532    54.992     9.43    5.67
  49188.364    60.597    14.95    7.95
  49563.214    66.288    15.18    8.71
  49938.080    74.700    22.44   11.26
  50312.963    82.186    19.97    9.83
  50687.864    86.525    11.57    6.82
  51062.781    86.141    -1.02    6.64
  51437.714    83.108    -8.09    7.15
  51812.665    80.085    -8.06    7.16
  52187.633    76.341    -9.99    6.91
  52562.618    73.725    -6.98    5.87
  52937.619    71.868    -4.95    6.41
  53312.637    68.989    -7.68    6.60
  53687.673    66.693    -6.12    6.55
  54062.725    63.573    -8.32    6.88
  54437.794    61.050    -6.73    6.56
  54812.880    56.868   -11.15    5.98
  55187.984    53.599    -8.72    5.05
  55563.104    50.755    -7.58    4.69
  55938.241    47.479    -8.73    4.57
  56313.394    44.783    -7.19    5.31
  56688.565    45.526     1.98    7.98
  57063.753    55.574    26.78   18.81
  57438.958    66.391    28.83   20.62
  57814.180    74.350    21.21   18.60
  58189.418    69.982   -11.64   23.05
  58564.674    56.038   -37.16   23.99
  58939.947    43.666   -32.97   18.88
  59315.236    34.979   -23.15   10.94
  59690.543    33.425    -4.14    9.49
  60065.867    38.686    14.02   16.41
  60441.207    44.900    16.56   18.33
  60816.565    49.812    13.09   16.65
  61191.940    53.595    10.08   14.38
  61567.331    56.217     6.98    9.80
  61942.740    54.868    -3.59   10.18
  62318.166    52.404    -6.56   12.08
  62693.608    47.005   -14.38   14.93
  63069.068    35.645   -30.26   18.49
  63444.545    24.155   -30.60   19.92
  63820.039    10.788   -35.60   15.26
  64195.550     2.330   -22.52   11.33
  64571.077    -4.995   -19.51    5.83
  64946.622    -8.275    -8.73    3.87
  65322.184    -9.268    -2.64    3.76
  65697.763    -9.101     0.44    4.09
  66073.359    -7.845     3.34    4.61
  66448.973    -8.021    -0.47    3.77
  66824.603    -8.550    -1.41    2.76
  67200.250    -9.814    -3.36    3.13
  67575.914   -11.670    -4.94    3.55
  67951.596   -12.241    -1.52    4.03
  68327.294   -10.723     4.04    5.51
  68703.010    -7.352     8.97    6.59
  69078.743    -2.677    12.44    6.27
  69454.493     0.404     8.20    4.69
  69830.259     1.436     2.75    4.10
  70206.044     0.669    -2.04    4.55
  70581.845    -2.287    -7.87    6.66
  70957.663    -6.998   -12.53    6.24
  71333.498   -11.150   -11.05    3.98
  71709.351   -13.677    -6.72    3.38
  72085.220   -15.625    -5.18    2.24
  72461.107   -17.268    -4.37    2.21
  72837.011   -18.264    -2.65    1.62
  73212.932   -18.962    -1.86    1.74
  73588.870   -19.632    -1.78    1.92
  73964.825   -20.125    -1.31    2.31
  74340.798   -21.723    -4.25    2.56
  74716.787   -22.617    -2.38    2.77
  75092.794   -23.768    -3.06    2.65
  75468.818   -25.018    -3.32    1.98
  75844.859   -25.889    -2.32    1.55
  76220.917   -26.155    -0.71    1.29
  76596.993   -26.150     0.01    1.22
  76973.086   -26.405    -0.68    1.18
  77349.195   -26.566    -0.43    1.24
  77725.322   -26.659    -0.25    1.26
  78101.467   -26.776    -0.31    1.17
  78477.628   -26.655     0.32    1.28
  78853.807   -26.200     1.21    1.69
  79230.002   -25.865     0.89    1.76
  79606.215   -25.683     0.48    1.85
  79982.446   -25.291     1.04    2.13
  80358.693   -23.334     5.20    4.92
  80734.958   -20.450     7.66    5.27
  81111.240   -17.266     8.46    4.88
  81487.539   -15.541     4.58    3.59
  81863.855   -14.357     3.15    2.36
  82240.189   -14.041     0.84    2.12
  82616.540   -13.836     0.54    2.03
  82992.908   -13.758     0.21    2.14
  83369.293   -14.450    -1.84    2.80
  83745.696   -15.157    -1.88    3.36
  84122.116   -15.836    -1.80    3.35
  84498.553   -16.427    -1.57    3.14
  84875.007   -17.101    -1.79    2.74
  85251.479   -18.200    -2.92    2.10
  85627.968   -18.450    -0.66    2.01
  86004.474   -18.723    -0.72    2.21
  86380.998   -18.636     0.23    2.30
  86757.539   -18.427     0.55    2.35
  87134.097   -18.450    -0.06    2.43
  87510.672   -18.596    -0.39    2.73
  87887.265   -19.177    -1.54    2.25
  88263.875   -19.553    -1.00    2.21
  88640.502   -19.905    -0.93    1.97
  89017.147   -20.086    -0.48    2.07
  89393.809   -20.473    -1.03    2.33
  89770.489   -21.200    -1.93    2.47
  90147.185   -22.055    -2.27    1.94
  90523.899   -22.882    -2.19    2.35
  90900.631   -23.987    -2.93    2.76
  91277.379   -25.117    -3.00    2.57
  91654.145   -25.882    -2.03    2.44
  92030.929   -26.688    -2.14    1.66
  92407.729   -27.109    -1.12    1.45
  92784.548   -27.424    -0.84    0.96
  93161.383   -27.745    -0.85    0.95
  93538.236   -28.055    -0.82    1.03
  93915.106   -28.171    -0.31    1.08
  94291.994   -28.361    -0.50    1.14
  94668.899   -28.425    -0.17    1.12
  95045.821   -28.564    -0.37    1.20
  95422.761   -28.596    -0.09    1.17
  95799.718   -28.745    -0.40    1.15
  96176.692   -29.564    -2.17    2.29
  96553.684   -30.521    -2.54    2.88
  96930.694   -31.018    -1.32    2.98
  97307.721   -30.182     2.22    3.35
  97684.765   -27.683     6.63    3.87
  98061.826   -25.357     6.17    2.89
  98438.905   -24.791     1.50    2.62
  98816.002   -25.427    -1.69    2.71
  99193.116   -26.840    -3.75    2.40
  99570.247   -28.427    -4.21    2.45
  99947.396   -30.031    -4.25    2.46
 100324.562   -31.260    -3.26    2.95
 100700.928   -33.200    -5.16    3.00
 101074.662   -34.498    -3.47    3.25
 101448.413   -35.072    -1.54    3.09
 101822.181   -33.926     3.07    3.37
 102195.966   -32.287     4.39    3.06
 102569.769   -31.307     2.62    2.90
 102943.588   -30.745     1.50    2.87
 103317.425   -31.882    -3.04    3.38
 103691.278   -33.645    -4.72    3.48
 104065.149   -35.132    -3.98    3.44
 104439.037   -36.760    -4.35    3.27
 104812.942   -38.752    -5.33    3.18
 105186.865   -41.545    -7.47    3.86
 105560.804   -43.836    -6.13    3.65
 105934.761   -46.217    -6.37    3.08
 106308.735   -49.426    -8.58    4.00
 106682.726   -53.382   -10.58    5.96
 107056.734   -58.499   -13.68    6.26
 107430.760   -63.450   -13.24    5.78
 107804.802   -67.950   -12.03    4.31
 108178.862   -70.495    -6.81    2.08
 108552.939   -71.450    -2.55    0.00
 108927.033   -71.450     0.00    0.00
 109301.145   -71.450     0.00    0.00
 109675.273   -71.450     0.00    0.00
 110049.419   -71.450     0.00    0.00
 110423.582   -71.450     0.00    0.00
 110797.763   -71.450     0.00    0.00
 111171.960   -71.450     0.00    0.00
 111546.175   -71.450     0.00    0.00
 111920.407   -71.450     0.00    0.00
 112294.656   -71.450     0.00    0.00
 112668.923   -71.450     0.00    0.00
 113043.207   -71.450     0.00    0.00
 113417.508   -71.450     0.00    0.00
 113791.826   -71.450     0.00    0.00
 114166.161   -71.450     0.00    0.00
 114540.514   -71.450     0.00    0.00
 114914.884   -71.450     0.00    0.00
 115289.272   -71.450     0.00    0.00
 115663.676   -71.450     0.00    0.00
 116038.098   -71.008     1.18    1.26
 116412.537   -70.109     2.40    2.53
 116786.994   -68.300     4.83    4.77
 117161.468   -63.245    13.50    8.21
 117535.959   -49.426    36.91   22.20
 117910.467   -30.836    49.64   27.69
 118284.993   -13.132    47.28   25.23
 118659.536     0.574    36.60   15.18
 119034.097     4.709    11.04    8.44
 119408.674     3.330    -3.68    5.68
 119783.269     3.323    -0.02    4.19
 120157.882     3.620     0.79    3.47
 120532.511     3.073    -1.46    3.42
 120907.158     2.277    -2.12    3.09
 121281.823     2.098    -0.48    3.74
 121656.505     3.618     4.06    4.24
 122031.204     3.950     0.89    4.11
 122405.920     2.709    -3.31    4.49
 122780.654     1.829    -2.35    5.06
 123155.405     3.982     5.75    9.35
 123530.174     9.922    15.85   12.71
 123904.960    17.925    21.36   10.49
 124279.763    22.755    12.89    5.46
 124654.584    24.781     5.41    4.42
 125029.422    30.755    15.94   14.05
 125404.277    48.480    47.29   26.47
 125779.150    65.759    46.10   24.71
 126154.040    85.150    51.73   19.71
 126528.948    99.300    37.75   17.52
 126903.873   110.368    29.52   16.86
 127278.816   122.037    31.13   10.14
 127653.775   126.759    12.60    6.76
 128028.753   129.959     8.53    7.52
 128403.748   133.550     9.58    7.19
 128778.760   137.073     9.39    8.13
 129153.789   141.925    12.94    7.60
 129528.837   147.459    14.76    7.92
 129903.901   154.526    18.84    8.70
 130278.983   160.709    16.49   10.44
 130654.082   167.527    18.18   10.52
 131029.199   174.550    18.72    7.64
 131404.334   181.095    17.45    7.07
 131779.486   189.062    21.24   10.87
 132154.655   198.050    23.96   14.79
 132529.842   212.690    39.02   18.24
 132905.046   230.255    46.82   23.83
 133280.268   252.806    60.11   32.59
 133655.507   274.355    57.43   27.88
 134030.764   287.527    35.11   19.76
 134406.038   296.425    23.71    9.84
 134781.329   296.800     1.00    6.54
 135156.639   294.341    -6.55    6.28
 135531.965   289.686   -12.40    6.15
 135907.310   285.017   -12.44    6.07
 136282.671   280.675   -11.57    4.28
 136658.051   279.436    -3.30    3.13
 137033.447   278.209    -3.27    4.01
 137408.862   277.431    -2.07    4.89
 137784.294   275.597    -4.89    4.99
 138159.743   272.899    -7.19    4.51
 138535.210   270.306    -6.91    5.09
 138910.695   266.404   -10.39    4.28
 139286.197   264.118    -6.09    3.66
 139661.716   261.717    -6.40    3.33
 140037.253   260.277    -3.83    2.38
 140412.808   259.323    -2.54    2.84
 140788.380   258.184    -3.03    3.37
 141163.970   256.391    -4.78    4.30
 141539.578   253.836    -6.80    4.10
 141915.203   250.992    -7.57    4.44
 142290.845   247.852    -8.36    4.56
 142666.506   244.914    -7.82    4.28
 143042.184   241.248    -9.76    4.73
 143417.879   238.717    -6.74    4.34
 143793.592   235.950    -7.36    3.47
 144169.323   234.131    -4.84    2.81
 144545.071   231.955    -5.79    3.76
 144920.837   228.573    -9.00    4.51
 145296.620   225.661    -7.75    4.49
 145672.421   221.573   -10.88    5.02
 146048.240   217.502   -10.83    4.10
 146424.077   214.732    -7.37    3.96
 146799.931   211.759    -7.91    2.75
 147175.802   209.845    -5.09    2.96
 147551.692   207.482    -6.29    4.01
 147927.599   205.145    -6.22    4.01
 148303.523   201.617    -9.39    4.97
 148679.466   198.248    -8.96    3.87
 149055.426   195.328    -7.77    4.43
 149431.403   191.992    -8.87    3.68
 149807.398   189.789    -5.86    3.78
 150183.411   187.085    -7.19    3.58
 150559.442   184.407    -7.12    3.71
 150935.491   181.868    -6.75    3.68
 151311.557   179.271    -6.91    4.26
 151687.640   175.891    -8.99    4.56
 152063.742   172.118   -10.03    5.77
 152439.861   168.186   -10.46    4.70
 152815.998   164.503    -9.79    5.46
 153192.152   161.062    -9.15    4.80
 153568.325   158.141    -7.77    4.78
 153944.515   155.914    -5.92    3.84
 154320.723   155.800    -0.30    3.77
 154696.948   156.709     2.42    4.53
 155073.191   158.959     5.98    4.06
 155449.452   161.414     6.52    3.53
 155825.731   163.482     5.50    2.90
 156202.028   163.482     0.00    3.62
 156578.342   160.391    -8.21    7.51
 156954.674   153.620   -17.99   10.32
 157331.023   145.457   -21.69   10.17
 157707.391   138.106   -19.54    6.86
 158083.776   133.992   -10.93    5.10
 158460.179   130.772    -8.55    4.32
 158836.600   128.294    -6.58    4.46
 159213.039   124.683    -9.59    4.61
 159589.495   121.690    -7.95    3.85
 159965.970   121.141    -1.46    3.37
 160342.462   121.141     0.00    3.36
 160718.971   121.482     0.91    3.64
 161095.499   122.959     3.92    3.55
 161472.044   123.169     0.56    3.73
 161848.608   123.073    -0.26    4.13
 162225.189   125.283     5.87    5.81
 162601.788   128.248     7.87    7.16
 162978.404   132.121    10.29    6.69
 163355.039   133.597     3.92    6.30
 163731.691   134.417     2.18    6.64
 164108.362   132.550    -4.96    6.11
 164485.050   130.186    -6.28    6.55
 164861.756   129.277    -2.41    7.70
 165238.480   128.645    -1.68    8.23
 165615.221   125.823    -7.49    9.93
 165991.981   121.160   -12.38   10.50
 166368.758   114.639   -17.31    9.74
 166745.553   108.410   -16.53    5.95
 167122.367   106.573    -4.88    4.41
 167499.198   106.457    -0.31    4.49
 167876.047   107.704     3.31    4.43
 168252.913   109.232     4.06    4.49
 168629.798   111.075     4.89    4.36
 169006.701   112.982     5.06    4.15
 169383.621   115.573     6.87    3.96
 169760.560   117.436     4.94    3.43
 170137.516   119.732     6.09    3.62
 170514.490   121.734     5.31    2.85
 170891.483   123.095     3.61    3.79
 171268.493   123.178     0.22    5.78
 171645.521   122.345    -2.21    7.46
 172022.567   119.664    -7.11    9.61
 172399.631   116.477    -8.45    9.12
 172776.713   112.777    -9.81    8.73
 173153.812   110.825    -5.18    5.94
 173530.930   111.277     1.20    5.36
 173908.066   109.891    -3.68    5.77
 174285.220   109.905     0.04    5.43
