# NaN NaN NaN ;Mean Elev.(m), Avg Gradient(m/km), RMS Gradient(m/km) - SRTM1     
#   79.425   0.337   3.470 ;Mean Elev.(m), Avg Gradient(m/km), RMS Gradient(m/km) - ASTER GDEM
#   72.264   0.501   3.204 ;Mean Elev.(m), Avg Gradient(m/km), RMS Gradient(m/km) - GMTED2010 
 10  32.694206  25.776504    72.394    72.394  2 52562.33743216 45.275
 12  32.691316  25.773450    69.324    69.324  2 52632.33739269 35.487
 13  32.687575  25.772576    69.702    69.702  2 52667.33741192 51.722
 15  32.690632  25.774382    70.497    70.497  2 52737.33742512 48.621
 16  32.689659  25.773401    71.209    71.209  2 52772.33739145 48.019
 17  32.690078  25.773498    72.402    72.402  2 52807.33744830 52.651
 18  32.692597  25.775792    73.709    73.709  2 52842.33750641 33.912
 19  32.689949  25.775364    71.572    71.572  2 52877.33754511 47.106
 20  32.695993  25.776427    70.157    70.157  2 52912.33750319 49.327
 23  32.687667  25.773369    69.375    69.375  2 53017.33749250 44.759
 24  32.695864  25.776156    70.134    70.134  2 53052.33747160 50.502
 25  32.678968  25.770377    72.990    72.990  2 53087.33751000 39.471
 26  32.690786  25.773487    72.045    72.045  2 53122.33747885 49.139
 27  32.684056  25.772308    73.854    73.854  2 53157.33753551 33.348
 28  32.694767  25.775224    72.441    72.441  2 53192.33752763 50.983
 29  32.693120  25.775244    73.663    73.663  2 53227.33752800 42.846
 31  32.681579  25.771398    72.713    72.713  2 53297.33753901 33.192
 32  32.690601  25.775518    72.537    72.537  2 53332.33750989 33.104
 33  32.690240  25.774514    69.327    69.327  2 53367.33745511 50.840
 34  32.691439  25.775540    69.843    69.843  2 53402.33748313 37.784
 35  32.689766  25.775102    70.720    70.720  2 53437.33747233 52.345
 36  32.687735  25.773423    71.124    71.137  3 53472.33752588 51.346
 37  32.687633  25.774061    72.711    72.711  2 53507.33755475 35.631
 38  32.686330  25.774085    72.532    72.532  2 53542.33756248 46.589
 39  32.685855  25.771834    72.590    72.590  2 53577.33754973 48.188
 40  32.684283  25.772602    71.925    71.925  2 53612.33750184 37.364
 41  32.693645  25.774973    70.217    70.217  2 53647.33750611 36.387
 42  32.683326  25.772766    70.692    70.692  2 53682.33752254 50.376
 43  32.691464  25.775144    69.447    69.447  2 53717.33744921 51.936
 44  32.699693  25.776817    69.134    69.134  2 53752.33736827 50.974
 45  32.693520  25.774811    70.444    70.444  2 53787.33739896 39.788
 47  32.686736  25.771901    71.377    71.377  2 53857.33744557 42.858
 48  32.696064  25.776668    72.647    72.647  2 53892.33745771 51.557
 49  32.679000  25.769821    72.650    72.650  2 53927.33751946 50.745
 50  32.681165  25.771586    71.993    71.993  2 53962.33750329 39.536
 52  32.694790  25.776543    70.678    70.678  2 54032.33749782 45.018
 54  32.686993  25.773013    69.448    69.448  2 54102.33745274 52.061
 55  32.691532  25.774316    70.029    70.029  2 54137.33742029 49.542
 56  32.687327  25.773485    70.886    70.886  2 54172.33743001 39.051
 57  32.690592  25.773875    70.817    70.817  2 54207.33742583 39.416
 58  32.690708  25.774094    72.056    72.056  2 54242.33745791 41.649
 59  32.690667  25.774677    72.527    72.527  2 54277.33747208 52.264
 60  32.691569  25.775324    72.678    72.678  2 54312.33747265 52.447
 61  32.688470  25.773934    71.994    71.994  2 54347.33744528 36.472
 62  32.692189  25.773883    72.178    72.178  2 54382.33741014 52.958
 63  32.688305  25.773401    71.462    71.462  2 54417.33739488 45.213
 64  32.693197  25.776305    69.524    69.524  2 54452.33737910 49.369
 65  32.691231  25.773480    69.700    69.700  2 54487.33739214 48.251
 66  32.692601  25.773748    70.660    70.660  2 54522.33739287 37.852
 67  32.688200  25.773385    71.268    71.268  2 54557.33740212 40.548
 68  32.690083  25.773799    71.701    71.701  2 54592.33738859 51.484
 69  32.689524  25.774805    72.688    72.688  2 54627.33740421 41.395
 70  32.688054  25.773065    72.744    72.744  2 54662.33741204 51.069
 71  32.689821  25.774284    72.346    72.347  3 54697.33738684 51.842
 72  32.691921  25.774550    71.181    71.181  2 54732.33736832 44.673
 73  32.690677  25.775335    70.554    70.554  2 54767.33736640 36.670
 74  32.690762  25.773795    70.059    70.059  2 54802.33736240 36.692
 75  32.690184  25.774015    69.731    69.731  2 54837.33735895 47.326
 76  32.691977  25.776291    72.799    72.799  2 54872.33736094 33.573
 77  32.685570  25.772523    70.965    70.965  2 54907.33736710 54.298
 78  32.690565  25.774085    71.398    71.398  2 54942.33735362 49.560
 79  32.689309  25.774710    73.622    73.622  2 54977.33738143 33.578
 80  32.689255  25.774976    72.484    72.484  2 55012.33738942 49.010
 81  32.691041  25.774430    72.269    72.269  2 55047.33738134 50.222
 82  32.687689  25.772994    71.107    71.107  2 55082.33735340 38.261
 83  32.692480  25.774288    70.587    70.587  2 55117.33731371 49.217
 84  32.688598  25.774374    70.276    70.276  2 55152.33731137 39.884
 85  32.691297  25.774742    69.319    69.331  3 55187.33730041 46.095
 86  32.688504  25.772800    69.878    69.878  2 55222.33731049 49.477
 87  32.691891  25.774818    70.419    70.419  2 55257.33729665 50.151
 88  32.687490  25.773911    70.809    70.809  2 55292.33729778 44.338
 89  32.688397  25.774505    71.254    71.254  2 55327.33728040 38.570
 90  32.688737  25.773919    73.204    72.168  3 55362.33727686 40.336
 91  32.691386  25.774452    72.134    72.134  2 55397.33728412 39.091
 92  32.691982  25.774080    71.786    71.786  2 55432.33729168 43.165
 93  32.688431  25.773871    70.311    70.311  2 55467.33725116 51.094
