 -23641.394   145.526     0.00    5.10
 -23265.642   144.283    -3.31    6.60
 -22889.905   141.091    -8.50    7.98
 -22514.184   138.120    -7.91    7.16
 -22138.480   136.750    -3.65    6.47
 -21762.791   134.322    -6.46    7.01
 -21387.118   130.087   -11.27   10.19
 -21011.461   127.326    -7.35   11.07
 -20635.820   125.925    -3.73   11.29
 -20260.196   124.971    -2.54   10.75
 -19884.586   126.707     4.62    9.47
 -19508.993   125.202    -4.01   11.53
 -19133.416   118.990   -16.54   15.77
 -18757.855   111.557   -19.79   19.14
 -18382.310   103.130   -22.44   19.10
 -18006.780    98.622   -12.00   18.19
 -17631.267    95.251    -8.98   17.13
 -17255.769    95.810     1.49   16.15
 -16880.287    96.845     2.75   17.45
 -16504.821    90.789   -16.13   19.90
 -16129.371    86.131   -12.41   21.63
 -15753.937    82.664    -9.24   23.43
 -15378.519    74.991   -20.44   21.70
 -15003.117    73.958    -2.75   22.46
 -14627.730    70.748    -8.55   19.58
 -14252.360    67.351    -9.05   11.90
 -13877.005    69.196     4.92    8.04
 -13501.666    76.626    19.79   11.36
 -13126.343    84.400    20.71   12.77
 -12751.036    92.102    20.52    9.92
 -12375.745    96.254    11.06    6.15
 -12000.469    96.626     0.99    5.84
 -11625.210    97.486     2.29    5.93
 -11249.966   101.417    10.48   11.84
 -10874.738   109.131    20.56   18.07
 -10499.526   115.847    17.90   17.91
 -10124.330   119.346     9.33   15.23
  -9749.149   121.261     5.10   12.45
  -9373.985   121.645     1.02   10.56
  -8998.836   124.580     7.82   10.85
  -8623.703   130.697    16.31   12.14
  -8248.586   135.589    13.04   10.54
  -7873.484   135.813     0.60    9.58
  -7498.399   133.075    -7.30    9.92
  -7123.329   130.028    -8.12    8.76
  -6748.275   128.621    -3.75    7.86
  -6373.237   129.797     3.14    6.89
  -5998.215   130.632     2.23    6.04
  -5623.208   130.474    -0.42    5.43
  -5248.217   128.260    -5.90    5.53
  -4873.242   124.039   -11.26    8.16
  -4498.283   120.582    -9.22    8.37
  -4123.339   116.058   -12.06    9.30
  -3748.412   110.873   -13.83   11.56
  -3373.500   103.322   -20.14   17.85
  -2998.603    93.663   -25.76   22.39
  -2623.723    87.691   -15.93   24.32
  -2248.858    82.324   -14.32   26.94
  -1874.009    77.571   -12.68   29.08
  -1499.176    67.889   -25.83   35.68
  -1124.358    48.499   -51.73   48.36
   -749.556    21.666   -71.59   44.49
   -374.770    -0.756   -59.83   26.19
      0.000   -10.513   -26.03    9.88
    374.755   -10.217     0.79    7.93
    749.494   -12.093    -5.01    3.49
   1124.217   -12.411    -0.85    3.18
   1498.924   -12.861    -1.20    2.98
   1873.616   -13.007    -0.39    2.47
   2248.292   -12.534     1.26    2.59
   2622.952   -12.376     0.42    2.53
   2997.597   -12.247     0.34    2.57
   3372.226   -11.953     0.78    2.63
   3746.840   -11.914     0.10    2.63
   4121.437   -11.619     0.79    2.43
   4496.019   -11.190     1.15    2.46
   4870.585   -11.233    -0.11    2.31
   5245.136   -11.452    -0.59    2.41
   5619.671   -11.444     0.02    2.49
   5994.190   -11.475    -0.08    2.59
   6368.694   -11.006     1.25    2.73
   6743.182   -10.746     0.69    2.95
   7117.654   -10.678     0.18    3.07
   7492.111   -10.481     0.53    3.19
   7866.552   -10.852    -0.99    3.04
   8240.977   -11.071    -0.58    2.95
   8615.387   -11.352    -0.75    2.43
   8989.781   -11.465    -0.30    2.48
   9364.160   -11.356     0.29    2.57
   9738.522   -11.276     0.21    2.34
  10112.870   -11.162     0.31    2.53
  10487.201   -10.453     1.89    3.07
  10861.517    -9.782     1.79    3.40
  11235.818    -8.795     2.64    3.54
  11610.103    -8.372     1.13    3.20
  11984.372    -8.780    -1.09    3.14
  12358.625    -8.869    -0.24    2.85
  12732.863    -8.523     0.93    3.06
  13107.086    -6.314     5.90    4.82
  13481.293    -2.272    10.80    6.70
  13855.484     3.796    16.22    7.99
  14229.660    11.238    19.89    8.75
  14603.820    20.028    23.49   11.87
  14977.964    28.386    22.34   12.13
  15352.093    35.934    20.17   14.09
  15726.206    42.499    17.55   15.52
  16100.304    49.917    19.83   18.19
  16474.387    60.660    28.72   20.81
  16848.453    69.309    23.12   19.61
  17222.504    77.937    23.07   16.76
  17596.540    87.664    26.00   14.75
  17970.560    97.406    26.05   13.18
  18344.565   106.522    24.37   12.16
  18718.554   114.617    21.64   12.05
  19092.527   121.117    17.38   10.97
  19468.572   125.044    10.44    8.48
  19845.655   128.468     9.08    6.95
  20222.722   129.222     2.00    6.55
  20599.773   124.456   -12.64    9.56
  20976.808   119.687   -12.65    9.55
  21353.827   119.086    -1.59    9.09
  21730.831   121.957     7.62   10.31
  22107.818   125.781    10.14    9.58
  22484.790   129.233     9.16    6.85
  22861.747   129.835     1.60    5.21
  23238.687   129.095    -1.96    4.48
  23615.612   130.104     2.68    5.22
  23992.521   133.222     8.27    6.06
  24369.414   135.410     5.80    5.89
  24746.292   136.351     2.49    6.27
  25123.153   136.349    -0.00    6.36
  25499.999   136.113    -0.63    4.99
  25876.830   138.202     5.54    5.68
  26253.644   140.721     6.68    5.66
  26630.443   140.726     0.01    5.52
  27007.226   139.969    -2.01    4.92
  27383.993   141.259     3.42    6.36
  27760.745   144.872     9.59    7.71
  28137.481   148.559     9.79    6.28
  28514.201   149.136     1.53    5.64
  28890.905   146.053    -8.18    7.43
  29267.594   141.068   -13.23    7.45
  29644.267   136.108   -13.17    6.75
  30020.924   132.986    -8.29    7.11
  30397.566   130.965    -5.37    7.94
  30774.192   128.952    -5.35    7.07
  31150.802   128.338    -1.63    5.95
  31527.397   127.758    -1.54    4.97
  31903.976   127.241    -1.37    4.70
  32280.539   128.508     3.37    5.49
  32657.087   131.161     7.04    7.93
  33033.619   134.825     9.73    8.21
  33410.135   139.267    11.80    7.25
  33786.636   142.076     7.46    5.96
  34163.121   142.779     1.87    5.81
  34539.590   143.495     1.90    7.22
  34916.044   142.404    -2.90    8.46
  35292.482   140.912    -3.96    8.25
  35668.904   140.234    -1.80    7.13
  36045.311   141.277     2.77    6.70
  36421.702   143.979     7.18    7.12
  36798.077   148.319    11.53    6.40
  37174.437   152.012     9.81    5.37
  37550.781   154.662     7.04    5.29
  37927.110   156.418     4.67    4.55
  38303.423   156.618     0.53    4.38
  38679.720   155.496    -2.98    4.47
  39056.002   155.165    -0.88    4.27
  39432.268   156.861     4.51    5.63
  39808.519   160.590     9.91    7.27
  40184.754   165.287    12.48    8.22
  40560.974   170.394    13.58    7.88
  40937.177   174.677    11.38    7.05
  41313.366   176.049     3.65    8.03
  41689.538   173.127    -7.77   10.29
  42065.695   169.459    -9.75   10.29
  42441.837   166.683    -7.38    8.85
  42817.963   164.380    -6.12    7.02
