-289280.102   283.737     0.00    1.73
-288903.375   285.056     3.50    3.33
-288526.633   286.501     3.84    4.53
-288149.876   288.089     4.21    4.85
-287773.104   290.161     5.50    5.51
-287396.317   291.185     2.72    5.76
-287019.515   291.874     1.83    5.45
-286642.698   292.749     2.32    5.48
-286265.867   294.351     4.25    6.26
-285889.020   299.137    12.70    9.94
-285512.159   303.944    12.75   10.56
-285135.282   307.685     9.92    9.30
-284758.391   310.351     7.07    7.66
-284381.485   311.897     4.10    7.33
-284004.564   315.705    10.10    9.55
-283627.628   318.967     8.65    8.50
-283250.677   318.510    -1.21    8.71
-282873.711   316.483    -5.38    9.79
-282498.536   313.306    -8.47   11.84
-282124.511   308.800   -12.04   13.21
-281750.472   302.542   -16.73   15.09
-281376.417   295.851   -17.88   11.72
-281002.348   292.301    -9.49    8.98
-280628.264   289.647    -7.09    6.97
-280254.165   288.009    -4.38    6.91
-279880.052   285.374    -7.04    5.61
-279505.924   282.921    -6.55    4.29
-279131.781   281.433    -3.98    3.49
-278757.624   280.502    -2.49    3.88
-278383.452   279.364    -3.04    3.79
-278009.265   278.942    -1.13    4.84
-277635.063   277.902    -2.78    4.08
-277260.847   277.613    -0.77    3.87
-276886.615   278.256     1.72    3.77
-276512.370   278.680     1.13    3.12
-276138.109   279.270     1.57    3.61
-275763.833   279.595     0.87    2.78
-275389.543   278.708    -2.37    3.27
-275015.238   278.113    -1.59    3.95
-274640.918   277.113    -2.67    3.66
-274266.584   275.970    -3.05    3.93
-273892.235   274.656    -3.51    3.75
-273517.871   273.656    -2.67    2.84
-273143.492   272.876    -2.08    2.49
-272769.098   272.613    -0.70    2.41
-272394.690   271.760    -2.28    2.75
-272020.267   270.923    -2.24    2.82
-271645.828   270.056    -2.31    3.08
-271271.376   269.479    -1.54    4.08
-270896.908   269.632     0.41    5.16
-270522.426   271.226     4.26    6.05
-270147.928   275.437    11.24    8.23
-269773.416   281.456    16.07   12.00
-269398.889   288.124    17.80   14.67
-269024.348   296.827    23.23   15.82
-268649.791   302.256    14.49   13.55
-268275.220   308.256    16.01   10.34
-267900.634   313.461    13.89    7.52
-267526.033   316.022     6.84    7.63
-267151.417   320.437    11.78    6.21
-266776.786   323.065     7.02    5.48
-266402.141   324.327     3.37    5.06
-266027.480   325.708     3.69    4.34
-265652.805   326.804     2.92    4.27
-265278.115   327.876     2.86    4.29
-264903.410   330.107     5.95    4.43
-264528.690   332.071     5.24    4.69
-264153.955   332.732     1.76    4.73
-263779.206   330.804    -5.15    5.73
-263404.441   326.376   -11.81    7.29
-263029.662   323.465    -7.77    6.42
-262654.867   322.185    -3.42    5.74
-262280.058   323.293     2.96    5.79
-261905.234   324.874     4.22    4.96
-261530.395   325.851     2.61    4.36
-261155.542   326.169     0.85    5.71
-260780.673   326.878     1.89    7.28
-260405.789   329.828     7.87    7.00
-260030.891   331.701     4.99    6.36
-259655.977   333.692     5.31    4.20
-259281.049   334.708     2.71    3.69
-258906.106   334.338    -0.99    3.71
-258531.148   332.215    -5.66    5.10
-258156.174   330.133    -5.55    6.28
-257781.186   327.304    -7.54    6.91
-257406.183   325.479    -4.86    6.16
-257031.165   326.241     2.03    5.58
-256656.133   327.101     2.29    5.29
-256281.085   328.141     2.77    4.84
-255906.022   328.942     2.14    4.76
-255530.944   330.502     4.16    4.06
-255155.852   331.542     2.77    4.03
-254780.744   333.304     4.70    3.16
-254405.621   333.928     1.66    2.51
-254030.484   333.851    -0.21    2.72
-253655.331   333.651    -0.53    2.86
-253280.164   332.470    -3.15    2.56
-252904.981   332.232    -0.63    2.47
-252529.784   332.900     1.78    2.79
-252154.571   334.154     3.34    3.15
-251779.344   335.201     2.79    3.64
-251404.101   336.042     2.24    4.01
-251028.844   335.232    -2.16    5.18
-250653.571   334.280    -2.54    5.48
-250278.284   332.518    -4.69    6.05
-249902.982   330.923    -4.25    5.39
-249527.664   327.754    -8.44    4.97
-249152.332   326.144    -4.29    3.89
-248776.984   327.470     3.53    5.71
-248401.622   331.247    10.06    7.51
-248026.244   335.946    12.52    7.75
-247650.852   342.154    16.53    6.17
-247275.444   345.921    10.03    5.21
-246900.021   348.351     6.47    5.06
-246524.584   349.756     3.74    4.20
-246149.131   348.756    -2.66    3.96
-245773.663   348.549    -0.55    3.52
-245398.180   349.130     1.55    3.64
-245022.682   349.661     1.41    3.27
-244647.169   351.315     4.40    3.06
-244271.641   351.042    -0.73    3.44
-243896.098   350.735    -0.82    3.40
-243520.540   350.033    -1.87    3.01
-243144.967   349.433    -1.60    3.30
-242769.379   349.089    -0.91    3.08
-242393.775   349.042    -0.13    3.21
-242018.157   348.518    -1.39    3.35
-241642.523   347.780    -1.96    3.16
-241266.875   347.018    -2.03    3.47
-240891.211   345.924    -2.91    3.33
-240515.532   345.549    -1.00    3.23
-240139.838   346.089     1.44    3.21
-239764.129   347.470     3.67    3.59
-239388.405   349.280     4.82    3.51
-239012.666   350.851     4.18    3.40
-238636.911   351.998     3.05    3.14
-238261.142   352.781     2.09    2.96
-237885.357   352.827     0.12    2.88
-237509.557   352.401    -1.13    2.40
-237133.742   351.688    -1.90    2.15
-236757.912   351.778     0.24    2.22
-236382.067   351.946     0.45    2.30
-236006.207   351.708    -0.63    2.66
-235630.331   352.113     1.08    2.91
-235254.441   351.851    -0.70    4.27
-234878.535   351.441    -1.09    4.71
-234502.614   352.549     2.95    4.65
-234126.678   353.280     1.94    4.47
-233750.727   353.223    -0.15    4.58
-233374.760   351.946    -3.40    4.63
-232998.779   351.035    -2.42    3.79
-232622.782   351.738     1.87    4.36
-232246.770   353.241     4.00    4.88
-231870.743   355.339     5.58    4.28
-231494.701   356.518     3.13    3.67
-231118.643   357.301     2.08    3.19
-230742.570   358.056     2.01    3.32
-230366.482   360.082     5.39    4.48
-229990.379   363.130     8.10    4.83
-229614.261   365.502     6.31    4.53
-229238.127   367.200     4.51    3.82
-228861.979   367.669     1.25    3.93
-228485.815   366.983    -1.82    4.21
-228109.636   365.169    -4.82    5.23
-227733.441   363.656    -4.02    5.11
-227357.231   362.177    -3.93    5.19
-226981.007   360.327    -4.91    6.03
-226604.766   360.697     0.98    5.96
-226228.511   361.124     1.13    8.74
-225852.241   361.261     0.37   10.89
-225475.955   361.042    -0.58   13.24
-225099.654   360.328    -1.89   14.98
-224723.337   358.026    -6.12   15.34
-224347.006   351.328   -17.79   18.31
-223970.659   344.720   -17.56   19.55
-223594.297   339.549   -13.74   18.53
-223217.919   334.386   -13.71   19.23
-222841.527   329.037   -14.21   14.90
-222465.119   325.351    -9.79   12.83
-222088.695   322.114    -8.60    7.81
-221712.257   324.624     6.67    8.45
-221335.803   326.619     5.30   11.63
-220959.334   323.572    -8.09   16.82
-220582.849   314.502   -24.09   21.81
-220206.350   303.877   -28.22   21.61
-219829.835   292.942   -29.04   14.75
-219453.304   286.051   -18.30    7.61
-219076.759   284.232    -4.83    8.50
-218700.198   281.851    -6.32    9.78
-218323.622   279.827    -5.37    9.84
-217947.030   277.033    -7.42    8.14
-217570.423   275.746    -3.42    4.47
-217193.801   275.304    -1.17    4.18
-216817.163   273.688    -4.29    5.36
-216440.510   272.685    -2.66    6.00
-216063.842   269.442    -8.61    7.19
-215687.159   265.415   -10.69    8.05
-215310.460   261.192   -11.21    7.67
-214933.745   258.494    -7.16    4.82
-214557.016   258.208    -0.76    3.85
-214180.271   258.565     0.95    4.17
-213803.510   256.701    -4.95    5.36
-213426.735   254.078    -6.96    5.09
-213049.943   253.176    -2.39    5.94
-212673.137   253.232     0.15    6.10
-212296.315   253.613     1.01    6.22
-211919.478   253.363    -0.66    6.42
-211542.625   253.306    -0.15    5.40
-211165.757   254.626     3.50    6.87
-210788.874   257.685     8.11    8.56
-210411.975   259.060     3.65    8.65
-210035.061   258.705    -0.94    9.01
-209658.131   256.479    -5.90    9.21
-209281.186   256.201    -0.74    9.34
-208904.226   256.375     0.46    8.82
-208527.250   258.208     4.86    9.24
-208150.258   256.756    -3.85    9.03
-207773.252   252.613   -10.99   10.20
-207398.513   247.576   -13.44    9.43
-207024.540   243.898    -9.83    9.05
-206650.552   241.412    -6.64   10.02
-206276.548   238.589    -7.55   10.86
-205902.530   234.306   -11.45   12.37
-205528.496   228.399   -15.79   13.14
-205154.447   224.327   -10.88   11.54
-204780.383   222.107    -5.93   11.44
-204406.303   221.899    -0.56   10.88
-204032.209   223.780     5.03   10.27
-203658.099   225.270     3.98   10.23
-203283.974   224.665    -1.62   12.23
-202909.834   223.619    -2.80   11.15
-202535.678   221.921    -4.54   10.92
-202161.508   215.735   -16.53   17.53
-201787.322   212.735    -8.02   15.99
-201413.121   208.018   -12.60   15.49
-201038.905   201.232   -18.13   18.61
-200664.673   200.595    -1.70   18.70
-200290.426   199.217    -3.68   18.95
-199916.164   206.280    18.87   19.94
-199541.887   216.502    27.31   11.09
-199167.595   218.942     6.52    7.81
-198793.287   218.827    -0.31    6.30
-198418.964   217.946    -2.35    4.49
-198044.626   215.973    -5.27    3.96
-197670.272   214.565    -3.76    3.77
-197295.904   213.137    -3.82    4.16
-196921.520   212.375    -2.03    3.61
-196547.120   212.375     0.00    3.05
-196172.706   211.877    -1.33    2.55
-195798.276   211.010    -2.31    3.00
-195423.831   209.534    -3.94    3.07
-195049.371   208.479    -2.82    2.39
-194674.895   207.732    -1.99    1.92
-194300.404   208.426     1.85    2.58
-193925.898   208.988     1.50    2.85
-193551.376   208.800    -0.50    3.25
-193176.839   208.340    -1.23    4.30
-192802.287   207.363    -2.61    4.56
-192427.720   207.014    -0.93    4.50
-192053.137   206.374    -1.71    5.16
-191678.539   205.404    -2.59    5.71
-191303.925   203.351    -5.48    6.14
-190929.296   202.426    -2.47    5.51
-190554.652   201.715    -1.90    4.79
-190179.993   202.399     1.83    5.00
-189805.318   202.851     1.21    4.23
-189430.628   203.101     0.67    4.00
-189055.923   203.928     2.21    3.80
-188681.202   202.899    -2.75    4.05
-188306.466   201.060    -4.90    3.67
-187931.714   201.526     1.24    4.20
-187556.947   201.624     0.26    5.61
-187182.165   200.723    -2.40    7.48
-186807.368   191.965   -23.36   21.06
-186432.555   179.423   -33.46   28.14
-186057.726   169.967   -25.22   30.88
-185682.883   166.851    -8.31   30.74
-185308.023   161.461   -14.38   33.44
-184933.149   167.101    15.04   33.48
-184558.259   178.801    31.20   23.99
-184183.354   183.518    12.58   20.97
-183808.433   189.526    16.02   17.27
-183433.497   195.494    15.92   12.66
-183058.546   199.970    11.94    9.02
-182683.579   203.005     8.09    6.87
-182308.596   201.851    -3.08    8.78
-181933.599   199.266    -6.89   12.85
-181558.586   198.113    -3.07   13.30
-181183.557   194.494    -9.65   17.66
-180808.513   189.446   -13.46   23.09
-180433.454   169.065   -54.33   37.27
-180058.379   158.923   -27.04   38.35
-179683.289   154.169   -12.67   37.18
-179308.183   162.442    22.05   37.60
-178933.062   185.137    60.49   23.05
-178557.925   191.705    17.51   10.49
-178182.773   192.944     3.30    9.01
-177807.606   191.946    -2.66    8.47
-177432.423   190.923    -2.73    6.40
-177057.224   193.363     6.50    8.99
-176682.010   195.685     6.19   13.60
-176306.781   200.595    13.09   14.42
-175931.536   203.965     8.98   12.37
-175556.276   204.805     2.24   12.20
-175181.000   201.827    -7.93   13.37
-174805.709   196.949   -13.00   12.46
-174430.402   190.732   -16.56   17.96
-174055.079   187.223    -9.35   20.71
-173679.742   185.340    -5.02   20.32
-173304.388   183.542    -4.79   15.67
-172929.020   180.113    -9.13   23.90
-172553.635   177.613    -6.66   28.19
-172178.235   173.526   -10.89   35.68
-171802.820   170.919    -6.94   37.87
-171427.389   163.107   -20.81   38.85
-171051.943   149.014   -37.53   45.84
-170676.481   126.595   -59.70   49.75
-170301.003    99.137   -73.12   52.55
-169925.510    72.732   -70.31   43.63
-169550.002    51.014   -57.83   25.91
-169174.478    39.168   -31.54    7.54
-168798.938    35.589    -9.53    4.31
-168423.383    33.215    -6.32    3.67
-168047.812    31.260    -5.20    2.96
-167672.226    29.685    -4.19    2.67
-167296.624    28.875    -2.15    2.32
-166921.007    28.113    -2.03    1.62
-166545.374    27.446    -1.77    1.64
-166169.725    27.113    -0.89    1.48
-165794.061    26.900    -0.57    1.70
-165418.381    26.991     0.24    2.58
-165042.686    27.290     0.80    2.47
-164666.975    27.327     0.10    2.40
-164291.249    27.065    -0.70    2.34
-163915.507    26.619    -1.19    1.13
-163539.749    26.827     0.56    1.22
-163163.976    26.632    -0.52    1.19
-162788.187    26.692     0.16    1.29
-162412.382    26.924     0.62    1.25
-162036.562    26.828    -0.26    1.18
-161660.726    27.256     1.14    1.43
-161284.875    27.326     0.19    1.43
-160909.008    27.351     0.07    1.42
-160533.125    27.441     0.24    1.37
-160157.227    27.446     0.01    1.43
-159781.313    27.375    -0.19    1.47
-159405.384    27.386     0.03    1.44
-159029.438    27.526     0.37    1.41
-158653.478    27.404    -0.32    1.46
-158277.501    27.215    -0.50    1.78
-157901.509    27.510     0.78    1.53
-157525.501    28.130     1.65    1.89
-157149.478    28.732     1.60    2.35
-156773.438    29.826     2.91    3.00
-156397.384    31.124     3.45    3.55
-156021.313    33.005     5.00    3.12
-155645.227    34.549     4.10    3.16
-155269.125    34.967     1.11    2.71
-154893.007    34.874    -0.25    2.68
-154516.874    33.601    -3.38    3.85
-154140.725    32.272    -3.53    4.50
-153764.561    30.897    -3.66    4.83
-153388.380    29.665    -3.27    5.22
-153012.184    28.293    -3.65    5.72
-152635.972    26.518    -4.72    6.41
-152259.745    24.483    -5.41    5.87
-151883.502    23.078    -3.73    4.80
-151507.243    22.236    -2.24    3.01
-151130.968    24.137     5.05    3.05
-150754.678    26.033     5.04    3.09
-150378.372    26.926     2.37    2.19
-150002.050    27.147     0.59    2.09
-149625.712    27.826     1.80    2.59
-149249.359    27.715    -0.29    2.61
-148872.990    27.806     0.24    2.93
-148496.605    27.781    -0.06    2.88
-148120.204    26.669    -2.95    2.56
-147743.788    26.246    -1.12    2.07
-147367.356    25.965    -0.75    2.22
-146990.908    25.705    -0.69    1.93
-146614.444    25.442    -0.70    2.03
-146237.964    25.113    -0.87    2.05
-145861.469    25.159     0.12    2.42
-145484.958    25.215     0.15    2.28
-145108.431    25.492     0.74    2.31
-144731.889    25.018    -1.26    2.02
-144355.330    24.488    -1.41    1.74
-143978.756    23.970    -1.37    1.31
-143602.166    23.828    -0.38    1.19
-143225.560    23.799    -0.08    1.33
-142848.939    23.874     0.20    1.39
-142472.301    23.967     0.25    1.33
-142095.648    23.965    -0.01    1.53
-141718.979    24.014     0.13    1.54
-141342.294    24.492     1.27    1.66
-140965.593    25.738     3.31    2.17
-140588.876    27.251     4.02    2.72
-140212.144    29.374     5.63    2.90
-139835.396    31.223     4.91    2.64
-139458.632    33.261     5.41    3.21
-139081.852    35.760     6.63    3.37
-138705.056    37.430     4.43    3.28
-138328.244    39.827     6.36    3.29
-137951.416    42.944     8.27    4.93
-137574.573    46.851    10.37    6.29
-137197.714    51.306    11.82    7.20
-136820.839    55.088    10.03    6.39
-136443.948    62.647    20.05   15.41
-136067.041    82.688    53.17   32.89
-135690.118   106.433    62.99   39.75
-135313.179   138.805    85.87   36.25
-134936.224   161.672    60.66   20.87
-134559.254   171.124    25.07   10.88
-134182.268   174.226     8.23    5.81
-133805.265   170.758    -9.20    7.30
-133428.247   167.340    -9.07    8.05
-133051.213   164.976    -6.27    8.68
-132674.163   162.738    -5.94    8.94
-132299.872   162.378    -0.96    8.24
-131925.954   165.806     9.17    9.08
-131552.019   171.386    14.92    8.93
-131178.069   174.363     7.96    6.94
-130804.104   175.270     2.43    6.96
-130430.123   174.543    -1.94    7.62
-130056.126   171.510    -8.11    8.60
-129682.113   166.851   -12.46   10.71
-129308.085   164.732    -5.66    9.66
-128934.041   165.154     1.13    9.54
-128559.981   165.266     0.30    8.39
-128185.906   165.967     1.88    6.84
-127811.815   166.551     1.56    5.83
-127437.709   167.375     2.20    5.36
-127063.586   168.998     4.34    5.33
-126689.448   172.899    10.43    4.74
-126315.294   175.518     7.00    3.14
-125941.125   176.399     2.35    2.57
-125566.940   177.375     2.61    2.62
-125192.739   178.375     2.67    2.50
-124818.523   180.078     4.55    2.67
-124444.290   181.804     4.61    2.56
-124070.042   184.200     6.40    3.27
-123695.778   187.154     7.89    3.87
-123321.499   189.991     7.58    5.70
-122947.204   193.161     8.47    7.69
-122572.893   196.518     8.97    9.15
-122198.566   199.437     7.80    8.75
-121824.224   199.807     0.99    8.13
-121449.866   200.223     1.11    6.94
-121075.492   197.601    -7.00    5.60
-120701.102   195.805    -4.80    4.84
-120326.697   193.780    -5.41    3.92
-119952.275   191.827    -5.21    2.53
-119577.838   192.113     0.76    2.96
-119203.386   191.944    -0.45    4.77
-118828.917   191.238    -1.89    7.90
-118454.433   188.944    -6.12    8.21
-118079.933   187.805    -3.04    9.50
-117705.417   188.154     0.93    9.99
-117330.885   189.494     3.58   11.46
-116956.338   188.589    -2.42   11.39
-116581.774   188.130    -1.23   10.99
-116207.195   186.665    -3.91   11.75
-115832.600   184.042    -7.00   10.23
-115457.990   182.806    -3.30    9.36
-115083.363   182.200    -1.62    8.90
-114708.721   182.437     0.63    8.39
-114334.063   180.518    -5.12    7.53
-113959.389   180.875     0.95    9.29
-113584.699   180.804    -0.19   10.12
-113209.993   181.875     2.86    8.84
-112835.272   182.970     2.92    7.73
-112460.535   180.804    -5.78    8.60
-112085.781   179.534    -3.39    8.59
-111711.012   181.078     4.12   10.32
-111336.227   183.241     5.77   10.91
-110961.427   188.526    14.10   11.19
-110586.610   191.161     7.03   11.06
-110211.778   193.226     5.51    8.68
-109836.929   194.124     2.39    7.58
-109462.065   196.749     7.00    8.79
-109087.185   200.409     9.76   10.57
-108712.289   206.991    17.55   11.21
-108337.377   210.735     9.99   11.06
-107962.450   215.758    13.40    9.06
-107587.506   219.456     9.86    7.54
-107212.546   220.215     2.02    6.55
-106837.571   218.601    -4.30    8.72
-106462.580   213.423   -13.81   13.58
-106087.572   209.238   -11.16   14.07
-105712.549   207.266    -5.26   13.43
-105337.510   206.556    -1.89   12.07
-104962.455   205.672    -2.36    9.86
-104587.384   206.556     2.36    8.56
-104212.297   210.037     9.28    9.17
-103837.195   212.572     6.76   10.04
-103462.076   214.386     4.84   10.17
-103086.941   213.108    -3.41   11.21
-102711.791   210.647    -6.56   12.44
-102336.624   208.543    -5.61   11.45
-101961.442   209.899     3.61   11.27
-101586.243   212.374     6.60    9.97
-101211.029   214.994     6.98    9.40
-100835.799   218.510     9.37    7.26
-100460.552   219.693     3.15    6.24
-100085.290   217.056    -7.03    8.12
 -99710.012   214.502    -6.80    8.27
 -99334.717   209.897   -12.27    7.64
 -98959.407   205.177   -12.57    8.06
 -98584.081   200.646   -12.07    8.48
 -98208.739   198.215    -6.48    7.00
 -97833.381   200.176     5.22    7.27
 -97458.006   201.758     4.21    6.00
 -97082.616   202.177     1.12    4.43
 -96707.210   200.921    -3.34    5.75
 -96331.788   197.760    -8.42    7.17
 -95956.350   193.667   -10.90    8.95
 -95580.895   190.578    -8.23    9.87
 -95205.425   188.502    -5.53    8.55
 -94829.939   187.154    -3.59    6.60
 -94454.436   191.642    11.95    6.93
 -94078.918   195.364     9.91    7.30
 -93703.384   198.260     7.71    6.98
 -93327.833   202.226    10.56    4.62
 -92952.267   205.851     9.65    5.50
 -92576.684   209.572     9.91    7.22
 -92201.086   213.685    10.95    7.20
 -91825.471   218.419    12.60    7.47
 -91449.840   221.415     7.98    7.54
 -91074.193   224.828     9.09    7.69
 -90698.531   228.875    10.77    6.65
 -90322.852   229.130     0.68    5.12
 -89947.157   227.280    -4.93    5.79
 -89571.446   222.901   -11.65    7.28
 -89195.719   215.101   -20.76    9.68
 -88819.975   208.176   -18.43    9.25
 -88444.216   204.946    -8.59    9.24
 -88068.441   202.967    -5.27    8.75
 -87692.649   204.494     4.06   10.38
 -87316.841   208.919    11.77    9.98
 -86941.018   212.751    10.20    7.00
 -86565.178   214.056     3.47    5.87
 -86189.322   214.351     0.79    4.66
 -85813.450   212.363    -5.29    6.11
 -85437.562   208.137   -11.24    6.44
 -85061.657   205.827    -6.15    5.92
 -84685.737   201.647   -11.12    6.88
 -84309.800   198.776    -7.63    8.79
 -83933.847   195.185    -9.55    9.57
 -83557.879   191.712    -9.24    8.63
 -83181.893   188.193    -9.36    7.47
 -82805.892   185.386    -7.46    7.16
 -82429.875   182.241    -8.36    6.42
 -82053.841   178.084   -11.06    6.33
 -81677.792   173.970   -10.94    5.45
 -81301.726   169.946   -10.70    5.44
 -80925.644   166.875    -8.17    4.27
 -80549.546   164.949    -5.12    3.81
 -80173.431   164.010    -2.50    3.91
 -79797.301   163.201    -2.15    3.96
 -79421.154   162.827    -0.99    4.27
 -79044.991   162.601    -0.60    4.58
 -78668.812   164.494     5.03    4.94
 -78292.617   168.409    10.41    6.95
 -77916.405   173.446    13.39    7.70
 -77540.178   177.994    12.09    6.05
 -77163.934   179.923     5.13    4.42
 -76787.673   179.944     0.06    4.22
 -76411.397   178.827    -2.97    3.76
 -76035.105   177.161    -4.43    3.80
 -75658.796   175.283    -4.99    3.73
 -75282.471   173.510    -4.71    3.12
 -74906.129   171.037    -6.57    4.73
 -74529.772   168.363    -7.11    7.39
 -74153.398   168.470     0.29   11.30
 -73777.008   167.898    -1.52   13.91
 -73400.602   169.280     3.67   14.67
 -73024.179   169.661     1.01   15.33
 -72647.740   164.708   -13.16   16.84
 -72271.285   158.874   -15.50   16.40
 -71894.814   154.280   -12.20   13.68
 -71518.327   149.827   -11.83   13.19
 -71141.823   149.084    -1.97   11.69
 -70765.303   151.137     5.45   14.78
 -70388.766   157.409    16.66   17.15
 -70012.213   163.340    15.75   19.65
 -69635.644   162.732    -1.61   18.18
 -69259.059   163.991     3.34   18.03
 -68882.458   167.042     8.10   16.39
 -68505.840   166.851    -0.51   13.47
 -68129.205   168.688     4.88   10.95
 -67752.555   170.944     5.99    9.14
 -67375.888   173.399     6.52    8.19
 -66999.205   174.712     3.49    7.09
 -66622.506   173.944    -2.04    7.20
 -66245.790   171.470    -6.57    8.15
 -65869.058   166.502   -13.19   10.15
 -65492.309   160.565   -15.76   11.83
 -65115.544   154.494   -16.11   11.71
 -64738.763   148.037   -17.14    9.92
 -64361.966   142.998   -13.37    7.11
 -63985.152   139.510    -9.25    5.40
 -63608.322   138.919    -1.57    5.92
 -63231.475   138.735    -0.49    5.90
 -62854.612   142.154     9.07    8.62
 -62477.733   146.423    11.33    8.90
 -62100.837   150.661    11.24    7.40
 -61723.925   152.900     5.94    4.87
 -61346.997   152.991     0.24    4.10
 -60970.052   152.137    -2.26    3.64
 -60593.091   153.316     3.13    5.43
 -60216.113   157.419    10.88    8.61
 -59839.119   161.651    11.22    9.89
 -59462.109   163.446     4.76    8.42
 -59085.082   163.502     0.15    6.87
 -58708.039   161.876    -4.31    6.39
 -58330.979   158.386    -9.25    5.47
 -57953.903   156.144    -5.95    4.01
 -57576.821   156.375     0.61    3.88
 -57202.973   158.565     5.86    4.37
 -56829.108   160.502     5.18    4.12
 -56455.228   163.208     7.24    3.54
 -56081.331   165.340     5.70    4.04
 -55707.418   167.735     6.41    3.86
 -55333.490   168.900     3.12    3.18
 -54959.544   168.328    -1.53    2.58
 -54585.583   166.651    -4.48    3.10
 -54211.606   165.107    -4.13    3.28
 -53837.612   163.010    -5.61    3.02
 -53463.603   161.247    -4.72    2.90
 -53089.577   159.185    -5.51    2.89
 -52715.535   157.470    -4.58    2.85
 -52341.477   156.018    -3.88    2.78
 -51967.402   154.518    -4.01    2.82
 -51593.312   153.107    -3.77    3.65
 -51219.205   149.965    -8.40    5.12
 -50845.082   146.665    -8.82    5.23
 -50470.943   144.316    -6.28    4.62
 -50096.787   142.874    -3.85    5.06
 -49722.616   143.502     1.68    5.69
 -49348.428   144.386     2.36    5.46
 -48974.224   144.192    -0.52    4.37
 -48600.004   142.988    -3.22    4.79
 -48225.768   141.084    -5.09    5.63
 -47851.515   137.409    -9.82    7.55
 -47477.246   132.804   -12.31    8.00
 -47102.961   129.185    -9.67    7.43
 -46728.660   125.735    -9.22    6.12
 -46354.342   122.715    -8.07    6.29
 -45980.009   119.130    -9.58    5.76
 -45605.659   116.533    -6.94    5.51
 -45231.292   114.327    -5.89    4.53
 -44856.910   112.946    -3.69    3.96
 -44482.511   113.177     0.62    4.13
 -44108.096   113.758     1.55    4.02
 -43733.665   115.327     4.19    4.68
 -43359.217   117.642     6.18    5.63
 -42984.753   119.696     5.48    5.91
 -42610.273   122.488     7.46    5.04
 -42235.777   125.280     7.46    5.84
 -41861.264   129.223    10.53    7.95
 -41486.735   136.247    18.75   11.27
 -41112.190   142.923    17.82   11.85
 -40737.628   152.386    25.26   10.87
 -40363.050   159.851    19.93    8.15
 -39988.456   164.875    13.41    6.32
 -39613.845   167.973     8.27    3.84
 -39239.219   169.084     2.96    3.89
 -38864.576   169.900     2.18    4.02
 -38489.916   170.316     1.11    4.68
 -38115.240   169.208    -2.96    4.95
 -37740.548   168.193    -2.71    4.80
 -37365.840   165.260    -7.83    6.96
 -36991.115   160.697   -12.18    8.07
 -36616.374   158.280    -6.45    8.14
 -36241.616   152.946   -14.23    9.18
 -35866.843   149.433    -9.38   10.18
 -35492.052   144.942   -11.98   11.72
 -35117.246   139.626   -14.18   10.03
 -34742.423   135.647   -10.62   10.48
 -34367.584   131.851   -10.13   10.33
 -33992.728   129.970    -5.02   11.46
 -33617.856   124.898   -13.53   10.69
 -33242.968   121.304    -9.59    9.58
 -32868.063   117.101   -11.21    6.92
 -32493.142   113.082   -10.72    4.78
 -32118.204   111.283    -4.80    4.85
 -31743.250   109.923    -3.63    4.74
 -31368.280   109.758    -0.44    5.48
 -30993.293   111.223     3.91    6.33
 -30618.290   112.095     2.32    6.64
 -30243.271   112.578     1.29    6.27
 -29868.235   112.056    -1.39    5.83
 -29493.182   109.479    -6.87    6.72
 -29118.114   104.688   -12.77    8.92
 -28743.028   100.107   -12.21    9.83
 -28367.927    93.647   -17.22   10.11
 -27992.809    87.956   -15.17    9.20
 -27617.674    84.783    -8.46    9.36
 -27242.523    79.726   -13.48    7.17
 -26867.356    77.147    -6.88    5.96
 -26492.172    75.078    -5.51    5.40
 -26116.972    73.223    -4.94    5.28
 -25741.755    71.556    -4.44    5.87
 -25366.522    69.378    -5.80    6.01
 -24991.272    66.965    -6.43    5.11
 -24616.006    64.572    -6.38    4.99
 -24240.723    63.874    -1.86    6.35
 -23865.424    60.351    -9.39    8.49
 -23490.108    55.338   -13.36    9.74
 -23114.776    50.783   -12.14    9.42
 -22739.428    46.569   -11.23    7.22
 -22364.063    43.572    -7.98    3.58
 -21988.681    43.078    -1.32    4.96
 -21613.283    41.293    -4.76    3.89
 -21237.868    39.215    -5.54    2.92
 -20862.437    37.746    -3.91    2.25
 -20486.990    36.328    -3.78    2.55
 -20111.525    35.494    -2.22    4.14
 -19736.045    35.647     0.41    6.23
 -19360.548    36.595     2.53    8.31
 -18985.034    37.326     1.95   10.09
 -18609.504    36.624    -1.87   10.82
 -18233.957    33.877    -7.31   10.54
 -17858.394    31.215    -7.09    8.93
 -17482.814    28.340    -7.66    6.31
 -17107.217    27.283    -2.81    6.30
 -16731.604    30.283     7.99    9.69
 -16355.975    32.031     4.65   10.21
 -15980.329    34.124     5.57    9.99
 -15604.666    35.051     2.47    8.55
 -15228.987    33.556    -3.98    7.81
 -14853.291    31.351    -5.87    7.19
 -14477.578    30.656    -1.85    6.61
 -14101.849    31.101     1.18    7.33
 -13726.104    30.009    -2.91    7.29
 -13350.342    27.510    -6.65    7.73
 -12974.563    25.409    -5.59    6.91
 -12598.768    22.147    -8.68    5.35
 -12222.956    19.758    -6.36    4.87
 -11847.127    17.056    -7.19    4.69
 -11471.282    14.192    -7.62    4.26
 -11095.420    12.001    -5.83    3.25
 -10719.542     9.828    -5.78    3.12
 -10343.647     8.510    -3.51    3.88
  -9967.735     6.994    -4.03    4.28
  -9591.807     5.806    -3.16    4.26
  -9215.862     4.272    -4.08    4.35
  -8839.900     4.306     0.09    4.18
  -8463.922     4.433     0.34    4.07
  -8087.927     4.578     0.39    3.85
  -7711.915     5.549     2.58    3.69
  -7335.887     6.031     1.28    3.85
  -6959.842     7.283     3.33    4.11
  -6583.781     8.776     3.97    3.67
  -6207.703     9.056     0.74    3.21
  -5831.608     9.760     1.87    2.15
  -5455.496     9.060    -1.86    1.73
  -5079.368     8.533    -1.40    1.52
  -4703.223     8.378    -0.41    1.61
  -4327.061     8.556     0.47    1.81
  -3950.883     8.572     0.04    2.06
  -3574.688     8.806     0.62    2.07
  -3198.476     8.669    -0.36    1.88
  -2822.248     8.492    -0.47    1.65
  -2446.003     8.351    -0.37    1.52
  -2069.741     8.185    -0.44    1.36
  -1693.463     7.316    -2.31    2.81
  -1317.167     6.260    -2.81    3.72
   -940.855     4.781    -3.93    4.30
   -564.527     4.010    -2.05    3.98
   -188.181     3.141    -2.31    3.62
    188.181     3.010    -0.35    3.33
    564.560     3.340     0.87    3.44
    940.956     4.692     3.59    3.33
   1317.368     5.488     2.11    3.05
   1693.797     6.026     1.43    2.62
   2070.243     6.533     1.35    2.44
   2446.706     7.287     2.00    2.29
   2823.186     7.526     0.63    1.89
   3199.682     7.533     0.02    1.79
   3576.195     7.549     0.04    1.46
   3952.725     7.624     0.20    1.63
   4329.271     8.193     1.51    1.95
   4705.835     8.351     0.42    1.97
   5082.415     8.154    -0.52    1.96
   5459.012     7.942    -0.56    1.89
   5835.626     7.465    -1.27    1.32
   6212.256     7.351    -0.30    1.24
   6588.904     7.351     0.00    1.13
   6965.568     7.646     0.78    1.38
   7342.249     7.921     0.73    1.47
   7718.947     7.738    -0.49    1.47
   8095.662     7.433    -0.81    1.31
   8472.393     7.192    -0.64    1.12
   8849.142     7.141    -0.14    1.01
   9225.907     7.056    -0.23    1.07
   9602.689     6.851    -0.54    1.27
   9979.488     6.526    -0.86    1.15
  10356.304     6.247    -0.74    1.12
  10733.136     6.046    -0.53    0.93
  11109.986     6.010    -0.10    0.78
  11486.852     5.749    -0.69    0.79
  11863.735     5.572    -0.47    0.91
  12240.635     5.306    -0.71    0.98
  12617.552     5.084    -0.59    1.13
  12994.486     4.715    -0.98    1.11
  13371.437     4.588    -0.34    1.13
  13748.404     4.715     0.34    1.19
  14125.389     4.874     0.42    1.18
  14502.390     4.898     0.06    1.17
  14879.409     5.037     0.37    1.12
  15256.444     4.951    -0.23    1.01
  15633.496     5.147     0.52    1.17
  16010.565     5.467     0.85    1.25
  16387.651     5.589     0.33    1.15
  16764.754     5.665     0.20    1.03
  17141.873     5.851     0.49    0.91
  17518.597     5.942     0.24    0.91
  17892.389     6.126     0.49    1.40
  18266.197     5.942    -0.49    1.57
  18640.022     5.685    -0.69    1.67
  19013.864     5.488    -0.53    1.56
  19387.722     5.014    -1.27    1.27
  19761.597     4.780    -0.63    1.28
  20135.488     4.601    -0.48    1.28
  20509.397     4.364    -0.63    1.05
  20883.321     4.010    -0.95    1.18
  21257.263     4.014     0.01    1.33
  21631.221     4.060     0.12    1.41
  22005.196     3.919    -0.38    1.40
  22379.187     4.241     0.86    1.38
  22753.196     4.238    -0.01    1.30
  23127.220     4.005    -0.62    1.23
  23501.262     4.270     0.71    1.26
  23875.320     4.124    -0.39    1.26
  24249.395     3.967    -0.42    1.29
  24623.486     3.669    -0.80    1.24
  24997.595     3.185    -1.30    1.26
  25371.720     3.374     0.51    1.21
  25745.861     3.301    -0.19    1.26
  26120.020     3.556     0.68    1.11
  26494.195     3.533    -0.06    1.47
  26868.386     3.642     0.29    1.68
  27242.595     3.942     0.80    2.15
  27616.820     4.088     0.39    2.07
  27991.062     4.101     0.04    2.02
  28365.321     4.375     0.73    2.05
  28739.596     4.328    -0.12    1.96
  29113.888     4.465     0.36    1.92
  29488.197     4.423    -0.11    1.94
  29862.523     4.624     0.54    1.99
  30236.865     4.667     0.12    1.69
  30611.224     5.056     1.04    2.02
  30985.600     6.386     3.55    2.70
  31359.993     7.556     3.12    3.31
  31734.402     9.238     4.49    4.03
  32108.829    10.569     3.56    4.08
  32483.272    12.488     5.12    3.88
  32857.731    13.976     3.98    3.55
  33232.208    15.556     4.22    3.55
  33606.701    16.619     2.84    3.61
  33981.211    17.735     2.98    3.40
  34355.738    18.921     3.17    3.66
  34730.282    20.133     3.24    3.44
  35104.842    21.919     4.77    3.91
  35479.420    23.851     5.16    4.26
  35854.014    26.805     7.88    4.45
  36228.625    29.642     7.57    4.34
  36603.253    32.084     6.52    4.90
  36977.897    34.283     5.87    5.20
  37352.559    35.543     3.36    5.39
  37727.237    35.760     0.58    5.79
  38101.932    35.565    -0.52    5.54
  38476.644    36.806     3.31    5.16
  38851.373    39.056     6.00    5.35
  39226.118    42.046     7.98    5.38
  39600.881    46.238    11.18    4.54
  39975.660    49.926     9.84    4.17
  40350.456    52.760     7.56    4.88
  40725.270    56.293     9.43    5.67
  41100.099    61.898    14.95    7.95
  41474.946    67.589    15.18    8.71
  41849.810    76.001    22.44   11.26
  42224.691    83.488    19.97    9.83
  42599.588    87.826    11.57    6.82
  42974.502    87.442    -1.02    6.64
  43349.434    84.409    -8.09    7.15
  43724.382    81.386    -8.06    7.16
  44099.347    77.642    -9.99    6.91
  44474.329    75.026    -6.98    5.87
  44849.328    73.169    -4.95    6.41
  45224.344    70.290    -7.68    6.60
  45599.376    67.994    -6.12    6.55
  45974.426    64.874    -8.32    6.88
  46349.493    62.351    -6.73    6.56
  46724.576    58.169   -11.15    5.98
  47099.676    54.900    -8.72    5.05
  47474.794    52.056    -7.58    4.69
  47849.928    48.780    -8.73    4.57
  48225.079    46.084    -7.19    5.31
  48600.248    46.827     1.98    7.98
  48975.433    56.876    26.78   18.81
  49350.635    67.692    28.83   20.62
  49725.854    75.651    21.21   18.60
  50101.090    71.283   -11.64   23.05
  50476.343    57.340   -37.16   23.99
  50851.613    44.967   -32.97   18.88
  51226.900    36.280   -23.15   10.94
  51602.204    34.726    -4.14    9.49
  51977.525    39.988    14.02   16.41
  52352.863    46.201    16.56   18.33
  52728.218    51.113    13.09   16.65
  53103.590    54.897    10.08   14.38
  53478.979    57.518     6.98    9.80
  53854.385    56.169    -3.59   10.18
  54229.809    53.705    -6.56   12.08
  54605.249    48.306   -14.38   14.93
  54980.706    36.946   -30.26   18.49
  55356.180    25.456   -30.60   19.92
  55731.671    12.089   -35.60   15.26
  56107.179     3.632   -22.52   11.33
  56482.704    -3.694   -19.51    5.83
  56858.247    -6.974    -8.73    3.87
  57233.806    -7.967    -2.64    3.76
  57609.382    -7.800     0.44    4.09
  57984.976    -6.544     3.34    4.61
  58360.586    -6.720    -0.47    3.77
  58736.214    -7.249    -1.41    2.76
  59111.859    -8.512    -3.36    3.13
  59487.520   -10.368    -4.94    3.55
  59863.199   -10.940    -1.52    4.03
  60238.895    -9.422     4.04    5.51
  60614.608    -6.051     8.97    6.59
  60990.338    -1.376    12.44    6.27
  61366.085     1.705     8.20    4.69
  61741.849     2.738     2.75    4.10
  62117.631     1.970    -2.04    4.55
  62493.429    -0.986    -7.87    6.66
  62869.245    -5.696   -12.53    6.24
  63245.078    -9.849   -11.05    3.98
  63620.927   -12.376    -6.72    3.38
  63996.794   -14.324    -5.18    2.24
  64372.678   -15.967    -4.37    2.21
  64748.580   -16.963    -2.65    1.62
  65124.498   -17.660    -1.86    1.74
  65500.433   -18.331    -1.78    1.92
  65876.386   -18.824    -1.31    2.31
  66252.356   -20.422    -4.25    2.56
  66628.343   -21.315    -2.38    2.77
  67004.347   -22.467    -3.06    2.65
  67380.368   -23.717    -3.32    1.98
  67756.407   -24.588    -2.32    1.55
  68132.462   -24.853    -0.71    1.29
  68508.535   -24.849     0.01    1.22
  68884.625   -25.103    -0.68    1.18
  69260.732   -25.265    -0.43    1.24
  69636.857   -25.358    -0.25    1.26
  70012.998   -25.474    -0.31    1.17
  70389.157   -25.354     0.32    1.28
  70765.333   -24.899     1.21    1.69
  71141.526   -24.563     0.89    1.76
  71517.736   -24.381     0.48    1.85
  71893.964   -23.990     1.04    2.13
  72270.209   -22.033     5.20    4.92
  72646.471   -19.149     7.66    5.27
  73022.750   -15.965     8.46    4.88
  73399.047   -14.240     4.58    3.59
  73775.360   -13.056     3.15    2.36
  74151.691   -12.740     0.84    2.12
  74528.039   -12.535     0.54    2.03
  74904.405   -12.457     0.21    2.14
  75280.788   -13.149    -1.84    2.80
  75657.188   -13.856    -1.88    3.36
  76033.605   -14.535    -1.80    3.35
  76410.039   -15.126    -1.57    3.14
  76786.491   -15.800    -1.79    2.74
  77162.960   -16.899    -2.92    2.10
  77539.446   -17.149    -0.66    2.01
  77915.950   -17.422    -0.72    2.21
  78292.471   -17.335     0.23    2.30
  78669.009   -17.126     0.55    2.35
  79045.565   -17.149    -0.06    2.43
  79422.137   -17.295    -0.39    2.73
  79798.727   -17.876    -1.54    2.25
  80175.335   -18.251    -1.00    2.21
  80551.960   -18.603    -0.93    1.97
  80928.602   -18.785    -0.48    2.07
  81305.261   -19.172    -1.03    2.33
  81681.938   -19.899    -1.93    2.47
  82058.632   -20.754    -2.27    1.94
  82435.343   -21.581    -2.19    2.35
  82812.072   -22.685    -2.93    2.76
  83188.818   -23.815    -3.00    2.57
  83565.581   -24.581    -2.03    2.44
  83942.362   -25.387    -2.14    1.66
  84319.160   -25.808    -1.12    1.45
  84695.975   -26.123    -0.84    0.96
  85072.808   -26.444    -0.85    0.95
  85449.658   -26.753    -0.82    1.03
  85826.526   -26.870    -0.31    1.08
  86203.411   -27.060    -0.50    1.14
  86580.313   -27.124    -0.17    1.12
  86957.233   -27.262    -0.37    1.20
  87334.170   -27.295    -0.09    1.17
  87711.124   -27.444    -0.40    1.15
  88088.096   -28.262    -2.17    2.29
  88465.086   -29.220    -2.54    2.88
  88842.092   -29.717    -1.32    2.98
  89219.116   -28.881     2.22    3.35
  89596.158   -26.381     6.63    3.87
  89973.217   -24.056     6.17    2.89
  90350.293   -23.490     1.50    2.62
  90727.387   -24.126    -1.69    2.71
  91104.498   -25.539    -3.75    2.40
  91481.627   -27.126    -4.21    2.45
  91858.773   -28.730    -4.25    2.46
  92235.937   -29.958    -3.26    2.95
  92612.300   -31.899    -5.16    3.00
  92986.031   -33.196    -3.47    3.25
  93359.779   -33.771    -1.54    3.09
  93733.545   -32.625     3.07    3.37
  94107.327   -30.986     4.39    3.06
  94481.127   -30.006     2.62    2.90
  94854.944   -29.444     1.50    2.87
  95228.778   -30.581    -3.04    3.38
  95602.629   -32.344    -4.72    3.48
  95976.497   -33.831    -3.98    3.44
  96350.382   -35.458    -4.35    3.27
  96724.285   -37.451    -5.33    3.18
  97098.205   -40.244    -7.47    3.86
  97472.142   -42.535    -6.13    3.65
  97846.096   -44.916    -6.37    3.08
  98220.067   -48.124    -8.58    4.00
  98594.055   -52.081   -10.58    5.96
  98968.061   -57.198   -13.68    6.26
  99342.084   -62.149   -13.24    5.78
  99716.124   -66.649   -12.03    4.31
 100090.181   -69.194    -6.81    2.08
 100464.255   -70.149    -2.55    0.00
 100838.347   -70.149     0.00    0.00
 101212.455   -70.149     0.00    0.00
 101586.581   -70.149     0.00    0.00
 101960.725   -70.149     0.00    0.00
 102334.885   -70.149     0.00    0.00
 102709.063   -70.149     0.00    0.00
 103083.258   -70.149     0.00    0.00
 103457.470   -70.149     0.00    0.00
 103831.699   -70.149     0.00    0.00
 104205.946   -70.149     0.00    0.00
 104580.210   -70.149     0.00    0.00
 104954.491   -70.149     0.00    0.00
 105328.789   -70.149     0.00    0.00
 105703.105   -70.149     0.00    0.00
 106077.438   -70.149     0.00    0.00
 106451.788   -70.149     0.00    0.00
 106826.155   -70.149     0.00    0.00
 107200.540   -70.149     0.00    0.00
 107574.942   -70.149     0.00    0.00
 107949.361   -69.707     1.18    1.26
 108323.798   -68.808     2.40    2.53
 108698.252   -66.999     4.83    4.77
 109072.723   -61.944    13.50    8.21
 109447.211   -48.124    36.91   22.20
 109821.717   -29.535    49.64   27.69
 110196.240   -11.831    47.28   25.23
 110570.780     1.875    36.60   15.18
 110945.338     6.010    11.04    8.44
 111319.913     4.632    -3.68    5.68
 111694.506     4.624    -0.02    4.19
 112069.115     4.921     0.79    3.47
 112443.742     4.374    -1.46    3.42
 112818.387     3.578    -2.12    3.09
 113193.048     3.399    -0.48    3.74
 113567.727     4.919     4.06    4.24
 113942.424     5.251     0.89    4.11
 114317.138     4.010    -3.31    4.49
 114691.869     3.130    -2.35    5.06
 115066.617     5.283     5.75    9.35
 115441.383    11.223    15.85   12.71
 115816.166    19.226    21.36   10.49
 116190.967    24.056    12.89    5.46
 116565.785    26.082     5.41    4.42
 116940.621    32.056    15.94   14.05
 117315.473    49.781    47.29   26.47
 117690.344    67.060    46.10   24.71
 118065.231    86.451    51.73   19.71
 118440.136   100.601    37.75   17.52
 118815.059   111.669    29.52   16.86
 119189.998   123.338    31.13   10.14
 119564.956   128.060    12.60    6.76
 119939.930   131.260     8.53    7.52
 120314.922   134.851     9.58    7.19
 120689.932   138.374     9.39    8.13
 121064.959   143.226    12.94    7.60
 121440.003   148.760    14.76    7.92
 121815.065   155.827    18.84    8.70
 122190.145   162.010    16.49   10.44
 122565.241   168.828    18.18   10.52
 122940.356   175.851    18.72    7.64
 123315.487   182.397    17.45    7.07
 123690.636   190.363    21.24   10.87
 124065.803   199.351    23.96   14.79
 124440.987   213.991    39.02   18.24
 124816.189   231.556    46.82   23.83
 125191.408   254.107    60.11   32.59
 125566.644   275.656    57.43   27.88
 125941.898   288.828    35.11   19.76
 126317.170   297.726    23.71    9.84
 126692.459   298.101     1.00    6.54
 127067.765   295.642    -6.55    6.28
 127443.089   290.988   -12.40    6.15
 127818.431   286.318   -12.44    6.07
 128193.790   281.976   -11.57    4.28
 128569.167   280.738    -3.30    3.13
 128944.561   279.510    -3.27    4.01
 129319.972   278.732    -2.07    4.89
 129695.402   276.898    -4.89    4.99
 130070.848   274.200    -7.19    4.51
 130446.313   271.607    -6.91    5.09
 130821.794   267.705   -10.39    4.28
 131197.294   265.419    -6.09    3.66
 131572.811   263.018    -6.40    3.33
 131948.345   261.578    -3.83    2.38
 132323.897   260.624    -2.54    2.84
 132699.467   259.485    -3.03    3.37
 133075.054   257.692    -4.78    4.30
 133450.659   255.137    -6.80    4.10
 133826.281   252.293    -7.57    4.44
 134201.921   249.154    -8.36    4.56
 134577.579   246.215    -7.82    4.28
 134953.254   242.549    -9.76    4.73
 135328.947   240.018    -6.74    4.34
 135704.657   237.251    -7.36    3.47
 136080.385   235.433    -4.84    2.81
 136456.131   233.256    -5.79    3.76
 136831.894   229.874    -9.00    4.51
 137207.675   226.962    -7.75    4.49
 137583.473   222.874   -10.88    5.02
 137959.289   218.804   -10.83    4.10
 138335.123   216.033    -7.37    3.96
 138710.974   213.060    -7.91    2.75
 139086.843   211.147    -5.09    2.96
 139462.730   208.783    -6.29    4.01
 139838.634   206.446    -6.22    4.01
 140214.556   202.918    -9.39    4.97
 140590.496   199.549    -8.96    3.87
 140966.453   196.629    -7.77    4.43
 141342.428   193.293    -8.87    3.68
 141718.421   191.090    -5.86    3.78
 142094.431   188.386    -7.19    3.58
 142470.459   185.708    -7.12    3.71
 142846.505   183.169    -6.75    3.68
 143222.568   180.572    -6.91    4.26
 143598.649   177.192    -8.99    4.56
 143974.748   173.419   -10.03    5.77
 144350.864   169.488   -10.46    4.70
 144726.998   165.805    -9.79    5.46
 145103.150   162.363    -9.15    4.80
 145479.320   159.442    -7.77    4.78
 145855.507   157.215    -5.92    3.84
 146231.712   157.101    -0.30    3.77
 146607.935   158.010     2.42    4.53
 146984.176   160.260     5.98    4.06
 147360.434   162.715     6.52    3.53
 147736.710   164.783     5.50    2.90
 148113.004   164.783     0.00    3.62
 148489.315   161.692    -8.21    7.51
 148865.645   154.921   -17.99   10.32
 149241.992   146.758   -21.69   10.17
 149618.357   139.407   -19.54    6.86
 149994.739   135.293   -10.93    5.10
 150371.140   132.073    -8.55    4.32
 150747.558   129.595    -6.58    4.46
 151123.994   125.985    -9.59    4.61
 151500.447   122.991    -7.95    3.85
 151876.919   122.442    -1.46    3.37
 152253.408   122.442     0.00    3.36
 152629.915   122.783     0.91    3.64
 153006.440   124.260     3.92    3.55
 153382.983   124.470     0.56    3.73
 153759.544   124.374    -0.26    4.13
 154136.122   126.585     5.87    5.81
 154512.718   129.549     7.87    7.16
 154889.332   133.423    10.29    6.69
 155265.964   134.898     3.92    6.30
 155642.614   135.718     2.18    6.64
 156019.281   133.851    -4.96    6.11
 156395.967   131.488    -6.28    6.55
 156772.670   130.578    -2.41    7.70
 157149.391   129.946    -1.68    8.23
 157526.130   127.124    -7.49    9.93
 157902.887   122.461   -12.38   10.50
 158279.662   115.940   -17.31    9.74
 158656.454   109.712   -16.53    5.95
 159033.265   107.874    -4.88    4.41
 159410.093   107.758    -0.31    4.49
 159786.939   109.005     3.31    4.43
 160163.803   110.533     4.06    4.49
 160540.685   112.376     4.89    4.36
 160917.585   114.283     5.06    4.15
 161294.503   116.874     6.87    3.96
 161671.439   118.738     4.94    3.43
 162048.393   121.033     6.09    3.62
 162425.364   123.035     5.31    2.85
 162802.354   124.397     3.61    3.79
 163179.361   124.479     0.22    5.78
 163556.386   123.647    -2.21    7.46
 163933.430   120.965    -7.11    9.61
 164310.491   117.778    -8.45    9.12
 164687.570   114.078    -9.81    8.73
 165064.667   112.126    -5.18    5.94
 165441.782   112.578     1.20    5.36
 165818.915   111.193    -3.68    5.77
 166196.066   111.206     0.04    5.43
