# NaN NaN NaN ;Mean Elev.(m), Avg Gradient(m/km), RMS Gradient(m/km) - SRTM1     
#   68.904  -3.352   9.256 ;Mean Elev.(m), Avg Gradient(m/km), RMS Gradient(m/km) - ASTER GDEM
#   60.615  -3.462   7.237 ;Mean Elev.(m), Avg Gradient(m/km), RMS Gradient(m/km) - GMTED2010 
  7    65.718 52476.33936248 31.98  32.073406  26.195292 18.269
  7    64.142 52476.33936313 26.49  32.072566  26.191991 17.443
  9    62.018 52546.33933559 33.93  32.083665  26.201047 23.268
  9    63.563 52546.33933623 29.47  32.082825  26.197757 23.268
 11    62.245 52616.33932752 42.93  32.072024  26.194684 19.750
 11    60.988 52616.33932817 43.96  32.071174  26.191394 19.750
 14    60.280 52721.33934391 42.56  32.078757  26.198601 10.826
 14    60.204 52721.33934455 38.65  32.077907  26.195311 10.826
 16    64.001 52791.33931590 35.41  32.084523  26.201535 17.344
 16    65.619 52791.33931655 32.79  32.083673  26.198235 17.344
 19    64.327 52896.33946184 35.30  32.076160  26.197270 21.551
 19    64.284 52896.33946249 26.95  32.075320  26.193980 21.551
 20    61.994 52931.33941022 42.26  32.072269  26.195143 21.448
 20    62.765 52931.33941086 47.08  32.071429  26.191853 21.448
 20    61.910 52931.33941151 43.33  32.070589  26.188563 21.448
 22    61.334 53001.33943828 42.37  32.070737  26.193453 18.838
 22    60.648 53001.33943892 42.46  32.069897  26.190163 18.838
 22    60.828 53001.33943956 42.92  32.069047  26.186873 18.838
 23    61.281 53036.33938720 31.89  32.072404  26.193976 19.645
 23    61.419 53036.33938784 29.48  32.071564  26.190686 19.645
 24    65.371 53071.33940850 23.14  32.078740  26.198066 19.413
 24    62.630 53071.33940915 22.75  32.077899  26.194767 20.640
 25    62.383 53106.33938830 37.01  32.071114  26.193846 17.896
 25    62.752 53106.33938894 31.69  32.070264  26.190556 17.896
 25    62.010 53106.33938958 31.24  32.069424  26.187256 17.896
 27    63.631 53176.33944425 36.00  32.080813  26.200270 19.962
 27    66.341 53176.33944489 25.47  32.079963  26.196970 19.962
 29    64.068 53246.33943196 39.13  32.079138  26.198773 23.452
 29    65.563 53246.33943260 24.48  32.078288  26.195483 23.452
 31    62.472 53316.33942831 41.21  32.081771  26.199631 23.639
 31    63.547 53316.33942895 42.98  32.080921  26.196341 23.639
 36    63.548 53491.33947472 35.03  32.071369  26.193863 25.237
 36    62.890 53491.33947537 31.17  32.070529  26.190573 25.237
 36    62.492 53491.33947601 33.12  32.069679  26.187273 25.237
 38    63.969 53561.33948580 46.14  32.070284  26.193205 28.094
 38    64.533 53561.33948644 45.17  32.069444  26.189915 28.094
 38    64.132 53561.33948709 42.03  32.068594  26.186615 28.094
 39    63.593 53596.33942270 43.13  32.083248  26.201515 22.110
 39    64.818 53596.33942335 46.97  32.082408  26.198215 22.110
 41    62.379 53666.33944128 44.62  32.074987  26.196431 21.662
 41    62.178 53666.33944192 45.94  32.074137  26.193141 21.662
 43    61.708 53736.33930106 23.32  32.080954  26.199285 21.302
 43    66.857 53736.33930171 23.58  32.080114  26.195985 21.302
 45    62.211 53806.33929657 39.22  32.081645  26.200758 24.884
 45    64.319 53806.33929722 47.25  32.080805  26.197468 24.884
 47    67.212 53876.33936407 28.28  32.083662  26.201085 20.667
 47    65.146 53876.33936472 24.15  32.082812  26.197795 20.667
 48    65.910 53911.33941426 44.47  32.073812  26.195995 25.650
 48    64.848 53911.33941490 43.23  32.072972  26.192705 25.650
 49    63.484 53946.33943318 46.14  32.068302  26.191915 25.831
 49    63.823 53946.33943383 45.46  32.067462  26.188625 25.831
 50    62.969 53981.33937709 34.04  32.075614  26.197269 22.448
 50    64.134 53981.33937773 26.95  32.074769  26.193968 22.244
 53    61.272 54086.33939038 41.16  32.079520  26.198856 20.681
 53    62.849 54086.33939103 42.81  32.078673  26.195565 22.970
 54    63.160 54121.33931641 29.21  32.074412  26.195242 20.329
 54    61.659 54121.33931705 29.97  32.073562  26.191942 20.329
 59    65.241 54296.33938519 38.20  32.080704  26.199805 20.794
 59    66.178 54296.33938583 27.37  32.079854  26.196505 20.794
 62    62.702 54401.33931880 40.52  32.081346  26.200347 20.437
 62    66.378 54401.33931945 31.60  32.080496  26.197047 20.437
 63    61.663 54436.33927662 33.09  32.077338  26.197986 21.930
 63    62.088 54436.33927726 34.41  32.076498  26.194696 21.930
 64    61.845 54471.33930296 26.11  32.084430  26.201093 21.200
 64    61.178 54471.33930361 35.35  32.083590  26.197793 21.200
 65    61.761 54506.33928928 38.56  32.077505  26.198107 22.687
 65    62.170 54506.33928992 42.74  32.076655  26.194817 22.687
 66    62.374 54541.33931781 31.61  32.081734  26.200392 21.002
 66    62.459 54541.33931845 31.61  32.080884  26.197102 21.002
 67    64.651 54576.33929070 39.78  32.077204  26.197160 19.172
 67    64.156 54576.33929134 28.07  32.076364  26.193870 19.172
 68    63.964 54611.33930941 30.02  32.080782  26.200090 21.170
 68    65.920 54611.33931006 24.98  32.079942  26.196800 21.170
 70    66.664 54681.33931799 39.02  32.079004  26.198605 21.696
 70    66.184 54681.33931864 29.79  32.078164  26.195315 21.696
 71    66.138 54716.33926749 39.21  32.077984  26.197961 22.172
 71    64.619 54716.33926813 26.39  32.077144  26.194671 22.172
 73    63.277 54786.33925732 31.57  32.078105  26.198150 20.888
 73    61.859 54786.33925796 27.17  32.077255  26.194860 20.888
 74    61.182 54821.33928269 41.28  32.082274  26.200201 20.998
 74    64.465 54821.33928333 41.75  32.081434  26.196911 20.998
 75    61.352 54856.33925338 42.89  32.079128  26.198410 21.133
 75    62.425 54856.33925402 46.90  32.078288  26.195120 21.133
 82    61.172 55101.33922816 45.30  32.074126  26.195311 20.029
 82    61.972 55101.33922880 45.95  32.073276  26.192021 20.029
 83    61.932 55136.33923163 36.77  32.081183  26.200366 21.124
 83    63.064 55136.33923228 42.98  32.080333  26.197076 21.124
 85    60.850 55206.33922518 38.77  32.081291  26.200150 19.658
 85    62.907 55206.33922582 42.37  32.080441  26.196860 19.658
 89    64.017 55346.33918845 42.46  32.080768  26.199975 21.265
 89    64.546 55346.33918910 42.01  32.079918  26.196685 21.265
 90    65.192 55381.33918114 39.71  32.078602  26.198591 20.309
 90    65.246 55381.33918178 35.50  32.077752  26.195301 20.309
