# NaN NaN NaN ;Mean Elev.(m), Avg Gradient(m/km), RMS Gradient(m/km) - SRTM1     
#   55.068  -1.657   5.452 ;Mean Elev.(m), Avg Gradient(m/km), RMS Gradient(m/km) - ASTER GDEM
#   26.149  -1.758   4.071 ;Mean Elev.(m), Avg Gradient(m/km), RMS Gradient(m/km) - GMTED2010 
  7  30.826253  28.530108    32.007    32.007  2 52469.81815886 37.073
 10  30.825095  28.525845    31.232    31.232  2 52574.81816997 27.030
 16  30.823758  28.524485    31.323    31.323  2 52784.81811309 50.021
 17  30.824419  28.525332    31.360    31.360  2 52819.81818880 36.158
 18  30.827578  28.533277    31.268    31.268  2 52854.81823868 33.170
 24  30.829646  28.539522    30.409    30.409  2 53064.81819747 46.278
 25  30.826475  28.529562    29.851    29.851  2 53099.81820370 29.807
 26  30.830323  28.541692    31.334    31.334  2 53134.81819797 51.674
 29  30.831427  28.544534    30.982    30.982  2 53239.81823618 37.920
 31  30.824483  28.525179    29.657    29.657  2 53309.81824785 47.566
 32  30.828269  28.535975    29.030    29.030  2 53344.81821590 32.309
 33  30.826789  28.532130    30.782    30.782  2 53379.81816475 39.201
 34  30.830556  28.543011    29.198    29.198  2 53414.81819419 49.504
 35  30.825071  28.529126    31.277    31.277  2 53449.81818449 44.803
 37  30.828385  28.537590    32.738    32.738  2 53519.81826802 30.203
 39  30.832144  28.546619    32.092    31.139  3 53589.81823655 37.778
 41  30.825200  28.527358    30.837    29.756  3 53659.81823900 29.882
 43  30.831659  28.543927    28.762    28.762  2 53729.81813993 52.488
 44  30.830328  28.540411    28.839    28.839  2 53764.81810450 33.780
 45  30.831271  28.544318    31.081    30.255  3 53799.81811089 30.904
 46  30.826142  28.528941    30.453    30.453  2 53834.81810862 49.370
 47  30.826381  28.528252    30.861    30.861  2 53869.81816970 41.879
 48  30.825916  28.528641    32.029    32.029  2 53904.81820455 51.051
 51  30.826273  28.529794    30.676    30.676  2 54009.81819227 48.950
 52  30.830234  28.540851    34.645    34.645  2 54044.81821239 19.652
 53  30.828300  28.537045    31.416    31.416  2 54079.81820484 28.520
 56  30.829786  28.539258    33.983    33.983  2 54184.81813139 22.816
 58  30.826870  28.533221    32.186    32.186  2 54254.81818547 38.885
 59  30.828881  28.536786    31.603    31.603  2 54289.81818858 48.437
 60  30.828943  28.537046    31.485    31.485  2 54324.81818603 46.340
 61  30.830645  28.540467    31.120    31.120  2 54359.81814085 32.401
 63  30.829655  28.540768    34.262    34.262  2 54429.81809085 24.500
 65  30.829368  28.538503    33.691    33.691  2 54499.81810174 22.482
 66  30.828345  28.537037    34.412    34.412  2 54534.81812007 25.245
 68  30.826893  28.532931    31.295    31.295  2 54604.81811413 47.995
 69  30.827448  28.534518    31.442    31.442  2 54639.81812421 52.279
 71  30.830128  28.542460    31.080    31.080  2 54709.81808528 40.108
 72  30.826757  28.533698    30.297    30.297  2 54744.81809351 31.977
 74  30.826629  28.533437    29.967    29.967  2 54814.81808660 51.405
 75  30.828811  28.538536    29.353    29.353  2 54849.81806702 29.331
 78  30.826683  28.529131    30.928    30.928  2 54954.81808493 35.796
 79  30.825725  28.529258    31.703    31.703  2 54989.81810863 43.356
 80  30.828897  28.538149    32.703    32.703  2 55024.81810141 44.255
 82  30.829507  28.539315    29.641    29.641  2 55094.81804842 52.426
 84  30.828634  28.538932    30.103    30.103  2 55164.81800986 49.899
 85  30.826304  28.532828    29.627    29.627  2 55199.81802835 50.878
 88  30.830384  28.542039    29.651    29.651  2 55304.81799689 52.369
 89  30.827999  28.534133    32.347    32.347  2 55339.81799517 31.847
 90  30.828644  28.537658    31.147    31.147  2 55374.81798740 49.163
 92  30.828045  28.537609    30.307    30.307  2 55444.81800440 33.098
 93  30.830841  28.544028    34.292    34.292  2 55479.81794092 24.518
