# NaN NaN NaN ;Mean Elev.(m), Avg Gradient(m/km), RMS Gradient(m/km) - SRTM1     
#   68.904  -3.352   9.256 ;Mean Elev.(m), Avg Gradient(m/km), RMS Gradient(m/km) - ASTER GDEM
#   60.615  -3.462   7.237 ;Mean Elev.(m), Avg Gradient(m/km), RMS Gradient(m/km) - GMTED2010 
  7  32.072986  26.193641    64.930    64.930  2 52476.33936280 30.050
  9  32.083245  26.199402    62.790    62.790  2 52546.33933591 32.249
 11  32.071599  26.193039    61.616    61.616  2 52616.33932785 43.475
 14  32.078332  26.196956    60.242    60.242  2 52721.33934423 41.031
 16  32.084098  26.199885    64.810    64.810  2 52791.33931623 34.295
 19  32.075740  26.195625    64.306    64.306  2 52896.33946217 32.882
 20  32.071429  26.191853    62.223    61.994  3 52931.33941086 44.742
 22  32.069894  26.190163    60.937    60.828  3 53001.33943892 42.590
 23  32.071984  26.192331    61.350    61.350  2 53036.33938752 30.850
 24  32.078319  26.196416    64.000    64.000  2 53071.33940883 22.949
 25  32.070267  26.190553    62.382    62.383  3 53106.33938894 34.166
 27  32.080388  26.198620    64.986    64.986  2 53176.33944457 33.358
 29  32.078713  26.197128    64.816    64.816  2 53246.33943228 36.266
 31  32.081346  26.197986    63.010    63.010  2 53316.33942863 42.185
 36  32.070526  26.190570    62.977    62.890  3 53491.33947537 33.388
 38  32.069441  26.189912    64.211    64.132  3 53561.33948644 44.769
 39  32.082828  26.199865    64.205    64.205  2 53596.33942302 45.461
 41  32.074562  26.194786    62.278    62.278  2 53666.33944160 45.330
 43  32.080534  26.197635    64.283    64.283  2 53736.33930138 23.452
 45  32.081225  26.199113    63.265    63.265  2 53806.33929690 44.875
 47  32.083237  26.199440    66.179    66.179  2 53876.33936440 26.688
 48  32.073392  26.194350    65.379    65.379  2 53911.33941458 43.894
 49  32.067882  26.190270    63.654    63.654  2 53946.33943350 45.813
 50  32.075192  26.195618    63.551    63.551  2 53981.33937741 31.805
 53  32.079097  26.197210    62.060    62.060  2 54086.33939070 42.063
 54  32.073987  26.193592    62.409    62.409  2 54121.33931673 29.607
 59  32.080279  26.198155    65.710    65.710  2 54296.33938551 35.534
 62  32.080921  26.198697    64.540    64.540  2 54401.33931913 38.034
 63  32.076918  26.196341    61.875    61.875  2 54436.33927694 33.800
 64  32.084010  26.199443    61.512    61.512  2 54471.33930328 32.828
 65  32.077080  26.196462    61.965    61.965  2 54506.33928960 41.135
 66  32.081309  26.198747    62.416    62.416  2 54541.33931813 31.610
 67  32.076784  26.195515    64.403    64.403  2 54576.33929102 37.053
 68  32.080362  26.198445    64.942    64.942  2 54611.33930974 28.193
 70  32.078584  26.196960    66.424    66.424  2 54681.33931831 36.500
 71  32.077564  26.196316    65.378    65.378  2 54716.33926781 36.421
 73  32.077680  26.196505    62.568    62.568  2 54786.33925764 29.905
 74  32.081854  26.198556    62.823    62.823  2 54821.33928301 41.521
 75  32.078708  26.196765    61.889    61.889  2 54856.33925370 45.342
 82  32.073701  26.193666    61.572    61.572  2 55101.33922848 45.637
 83  32.080758  26.198721    62.498    62.498  2 55136.33923196 40.902
 85  32.080866  26.198505    61.879    61.879  2 55206.33922550 40.933
 89  32.080343  26.198330    64.281    64.281  2 55346.33918877 42.241
 90  32.078177  26.196946    65.219    65.219  2 55381.33918146 38.096
