-139511.147   376.736     0.00   13.57
-139135.048   383.712    18.55   21.42
-138758.965   392.974    24.63   23.03
-138382.897   398.526    14.76   21.42
-138006.844   400.872     6.24   22.34
-137630.808   401.370     1.32   19.90
-137254.786   394.809   -17.45   22.06
-136878.781   389.434   -14.30   23.92
-136502.791   386.809    -6.98   28.66
-136126.816   381.395   -14.40   22.85
-135750.857   380.941    -1.21   21.00
-135374.913   378.457    -6.61   24.77
-134998.985   362.318   -42.94   25.01
-134623.073   348.294   -37.31   24.42
-134247.176   337.372   -29.06   20.01
-133871.294   327.394   -26.55   15.92
-133495.428   321.395   -15.96   14.15
-133119.578   320.611    -2.09   12.40
-132743.743   329.827    24.52   21.03
-132367.923   343.308    35.87   25.90
-131992.119   354.377    29.46   20.21
-131616.330   358.645    11.36   15.70
-131240.557   353.659   -13.27   15.69
-130864.800   346.331   -19.50   17.54
-130489.058   337.622   -23.18   17.42
-130113.331   329.236   -22.32   15.80
-129737.620   321.009   -21.90   13.43
-129361.924   316.341   -12.42   10.25
-128986.244   308.759   -20.19   12.70
-128610.579   299.806   -23.83   12.34
-128234.930   292.876   -18.45   11.53
-127859.296   284.364   -22.66   10.36
-127483.677   277.916   -17.17    9.74
-127108.074   272.304   -14.94    7.04
-126732.487   269.198    -8.27    5.12
-126356.915   266.457    -7.30    5.50
-125981.358   264.155    -6.13    6.95
-125605.816   261.248    -7.74    6.66
-125230.291   257.304   -10.50    5.29
-124854.780   254.787    -6.70    5.01
-124479.285   252.441    -6.25    4.86
-124103.805   249.178    -8.69    4.65
-123728.341   247.093    -5.55    4.63
-123352.892   244.927    -5.77    3.64
-122977.459   243.121    -4.81    3.23
-122602.041   242.532    -1.57    3.20
-122226.638   241.361    -3.12    3.56
-121851.251   239.284    -5.53    4.88
-121475.879   236.969    -6.17    5.71
-121100.522   233.419    -9.46    6.13
-120725.181   228.969   -11.86    5.27
-120349.856   226.517    -6.53    4.44
-119974.545   224.212    -6.14    3.68
-119599.250   221.903    -6.15    2.74
-119223.970   220.974    -2.47    2.89
-118848.706   220.117    -2.28    2.88
-118473.457   219.736    -1.02    2.71
-118098.224   218.736    -2.67    3.15
-117723.005   217.931    -2.15    3.05
-117347.802   217.260    -1.79    2.62
-116972.615   216.178    -2.88    3.47
-116597.443   215.427    -2.00    3.06
-116222.286   214.341    -2.89    2.94
-115847.144   212.690    -4.40    3.33
-115472.018   210.834    -4.95    3.27
-115096.907   208.808    -5.40    3.02
-114721.811   207.318    -3.97    3.30
-114346.731   205.759    -4.15    2.84
-113971.666   204.032    -4.61    2.97
-113596.616   202.573    -3.89    3.18
-113221.582   200.872    -4.54    3.44
-112846.563   198.882    -5.31    3.50
-112471.559   197.188    -4.52    3.34
-112096.570   195.903    -3.43    3.18
-111721.597   194.038    -4.97    2.61
-111346.639   192.760    -3.41    2.26
-110971.696   192.178    -1.55    2.89
-110596.769   191.617    -1.50    3.98
-110221.857   190.712    -2.41    3.74
-109846.960   189.945    -2.05    3.85
-109472.078   188.712    -3.29    3.56
-109097.212   187.546    -3.11    4.34
-108722.361   186.108    -3.84    3.76
-108347.525   184.419    -4.51    3.12
-107972.705   184.336    -0.22    3.58
-107597.899   184.643     0.82    3.36
-107223.109   185.636     2.65    2.64
-106848.334   187.022     3.70    3.29
-106473.575   190.141     8.32    6.57
-106098.830   194.248    10.96   10.43
-105724.101   198.855    12.30   13.28
-105349.387   201.941     8.24   13.23
-104974.688   201.213    -1.94   11.39
-104600.005   199.809    -3.75    6.83
-104225.337   202.522     7.24   10.41
-103850.684   204.688     5.78   11.36
-103476.046   205.809     2.99    8.94
-103101.423   205.963     0.41    3.88
-102726.815   208.044     5.55    4.03
-102352.223   211.457     9.11    4.76
-101977.646   216.643    13.85    6.58
-101603.084   223.038    17.08    8.87
-101228.537   234.804    31.42   16.49
-100854.006   248.841    37.48   20.93
-100479.489   268.145    51.55   27.93
-100104.988   283.967    42.25   25.80
 -99730.502   298.645    39.20   29.08
 -99356.031   301.474     7.56   28.18
 -98981.576   294.911   -17.53   17.62
 -98607.135   296.759     4.94   23.06
 -98232.710   293.447    -8.85   21.81
 -97858.299   293.434    -0.03   21.13
 -97483.904   292.876    -1.49   15.88
 -97109.524   289.546    -8.90   12.01
 -96735.159   285.201   -11.61   11.43
 -96360.810   280.428   -12.75    8.63
 -95986.475   278.759    -4.46    6.57
 -95612.156   278.736    -0.06    6.32
 -95237.851   282.712    10.62   10.25
 -94863.562   296.527    36.91   24.73
 -94489.288   309.687    35.17   31.38
 -94115.029   319.922    27.35   34.36
 -93740.785   335.175    40.76   40.46
 -93366.556   327.927   -19.37   34.81
 -92992.343   321.355   -17.56   30.99
 -92618.144   316.922   -11.85   27.01
 -92243.961   310.165   -18.06   20.11
 -91869.792   313.224     8.18   22.63
 -91495.639   311.950    -3.41   23.44
 -91121.501   306.355   -14.96   20.94
 -90747.378   298.498   -21.00   18.92
 -90373.270   288.643   -26.34    6.68
 -89999.177   286.569    -5.54    5.92
 -89625.099   286.573     0.01    5.68
 -89249.161   288.480     5.07    6.18
 -88872.073   293.248    12.65   10.06
 -88494.999   300.386    18.93   12.26
 -88117.941   307.858    19.82   13.06
 -87740.899   319.620    31.20   22.12
 -87363.871   339.191    51.91   37.07
 -86986.859   351.546    32.77   35.69
 -86609.862   368.541    45.08   37.40
 -86232.881   383.617    39.99   40.51
 -85855.915   395.015    30.24   39.11
 -85478.964   417.038    58.43   36.12
 -85102.028   432.992    42.33   35.16
 -84725.108   429.950    -8.07   42.19
 -84348.203   412.427   -46.50   66.64
 -83971.313   381.165   -82.95   88.21
 -83594.439   326.212  -145.82   92.74
 -83217.579   279.597  -123.70   76.32
 -82840.735   241.427  -101.30   45.96
 -82463.907   217.876   -62.50   26.72
 -82087.093   204.308   -36.01   20.92
 -81710.295   195.712   -22.81   14.25
 -81333.512   195.085    -1.67   15.04
 -80956.744   194.903    -0.48   15.89
 -80579.992   195.427     1.39   11.35
 -80203.255   192.620    -7.45   13.55
 -79826.533   188.783   -10.19   14.82
 -79449.826   182.450   -16.81   15.98
 -79073.134   176.188   -16.62   15.32
 -78696.458   170.379   -15.42   14.84
 -78319.797   163.403   -18.52   15.90
 -77943.151   156.761   -17.64   16.74
 -77566.520   148.111   -22.97   16.41
 -77189.905   139.308   -23.38   13.66
 -76813.304   132.111   -19.11   10.46
 -76436.719   126.117   -15.92    9.83
 -76060.150   119.665   -17.14    9.01
 -75683.595   114.784   -12.96    8.90
 -75307.055   109.069   -15.18    8.43
 -74930.531   103.286   -15.36    7.23
 -74554.022    99.806    -9.24    6.60
 -74177.528    96.712    -8.22    5.56
 -73801.049    94.806    -5.06    5.17
 -73424.585    92.831    -5.25    4.65
 -73048.137    90.961    -4.97    4.49
 -72671.704    89.350    -4.28    4.27
 -72295.286    87.809    -4.09    3.80
 -71918.883    87.419    -1.04    4.08
 -71542.495    85.546    -4.98    4.73
 -71166.122    84.311    -3.28    5.37
 -70789.765    85.918     4.27    7.93
 -70413.422    87.634     4.56    8.37
 -70037.095    90.546     7.74    6.80
 -69660.783    91.617     2.85    5.53
 -69284.486    88.713    -7.72    6.34
 -68908.204    85.645    -8.15    6.19
 -68531.937    81.941    -9.84    6.21
 -68155.686    78.077   -10.27    6.59
 -67779.449    73.879   -11.16    6.42
 -67403.228    70.945    -7.80    4.52
 -67027.021    69.403    -4.10    3.43
 -66650.830    68.605    -2.12    2.33
 -66274.654    67.736    -2.31    2.86
 -65898.493    67.146    -1.57    2.54
 -65522.347    66.188    -2.55    2.51
 -65146.216    67.015     2.20    3.59
 -64770.100    68.864     4.92    4.87
 -64394.000    69.532     1.77    4.74
 -64017.914    69.121    -1.09    3.53
 -63641.844    67.969    -3.06    3.66
 -63265.788    66.527    -3.83    2.96
 -62889.748    65.760    -2.04    3.10
 -62513.723    65.395    -0.97    3.21
 -62137.712    64.473    -2.45    3.38
 -61761.717    64.668     0.52    3.58
 -61385.737    65.069     1.07    3.29
 -61009.772    64.899    -0.45    3.67
 -60633.822    64.666    -0.62    3.76
 -60257.887    65.198     1.41    3.55
 -59881.967    66.645     3.85    4.76
 -59506.062    68.582     5.15    5.49
 -59130.172    72.927    11.56    7.80
 -58754.297    78.903    15.90    9.95
 -58378.437    84.102    13.83   11.14
 -58002.592    82.554    -4.12   11.94
 -57626.763    78.999    -9.46   14.00
 -57250.948    72.641   -16.92   11.67
 -56875.148    65.876   -18.00    3.78
 -56499.363    65.093    -2.08    3.28
 -56123.593    64.784    -0.82    3.71
 -55747.839    64.710    -0.19    4.95
 -55372.099    65.597     2.36    6.65
 -54996.374    66.126     1.41    8.59
 -54620.664    66.593     1.24    7.72
 -54244.969    69.069     6.59    7.43
 -53869.289    70.346     3.40    7.86
 -53493.624    73.284     7.82    8.09
 -53117.974    77.636    11.59    7.85
 -52742.339    80.761     8.32    6.76
 -52366.719    81.546     2.09    6.93
 -51991.114    84.927     9.00    6.91
 -51615.524    86.927     5.33    8.34
 -51239.949    88.690     4.69    7.26
 -50864.389    89.117     1.14    5.68
 -50488.844    87.831    -3.42    5.95
 -50113.313    84.038   -10.10    7.35
 -49737.798    78.688   -14.25    8.03
 -49362.298    74.504   -11.15    8.47
 -48986.812    68.641   -15.61    9.09
 -48611.342    62.236   -17.06    8.96
 -48235.886    56.517   -15.23    6.01
 -47860.445    54.831    -4.49    5.98
 -47485.019    55.434     1.60    7.50
 -47109.608    55.341    -0.25    9.00
 -46734.212    54.224    -2.97   10.09
 -46358.831    50.038   -11.15   11.87
 -45983.465    44.308   -15.27   10.61
 -45608.114    39.224   -13.54    9.31
 -45232.778    34.248   -13.26    7.70
 -44857.456    30.736    -9.36    7.10
 -44482.149    26.427   -11.48    5.59
 -44106.858    23.850    -6.87    4.83
 -43731.581    20.569    -8.74    4.08
 -43356.319    18.498    -5.52    3.79
 -42981.072    17.546    -2.54    4.78
 -42605.840    16.053    -3.98    4.91
 -42230.622    15.117    -2.49    5.31
 -41855.420    13.212    -5.08    4.27
 -41480.232    12.053    -3.09    4.55
 -41105.059    10.308    -4.65    4.74
 -40729.901     7.967    -6.24    5.37
 -40354.758     5.364    -6.94    4.92
 -39979.630     3.046    -6.18    3.60
 -39604.517     1.690    -3.62    1.76
 -39229.418     1.355    -0.89    1.40
 -38854.334     1.473     0.31    1.45
 -38479.265     1.827     0.94    1.64
 -38104.211     2.161     0.89    1.69
 -37729.172     2.224     0.17    1.79
 -37354.148     1.688    -1.43    2.09
 -36979.138     1.536    -0.41    3.33
 -36604.143     0.895    -1.71    4.35
 -36229.163    -0.264    -3.09    5.14
 -35854.198    -1.037    -2.06    5.26
 -35479.248    -1.869    -2.22    5.24
 -35104.312    -2.478    -1.63    5.21
 -34729.391    -2.264     0.57    4.79
 -34354.485    -2.238     0.07    4.45
 -33979.594    -1.491     1.99    4.23
 -33604.718    -1.161     0.88    4.06
 -33229.856    -1.124     0.10    4.04
 -32855.009    -1.169    -0.12    4.18
 -32480.177    -1.264    -0.25    4.17
 -32105.360    -0.355     2.43    4.41
 -31730.557     1.026     3.68    3.62
 -31355.769     2.046     2.72    3.47
 -30980.996     3.271     3.27    3.68
 -30606.238     3.736     1.24    4.26
 -30231.494     4.666     2.48    7.94
 -29856.765     4.557    -0.29    8.25
 -29482.051     4.046    -1.36    7.65
 -29107.352     4.175     0.35    6.51
 -28732.667     4.879     1.88    6.41
 -28357.998     5.450     1.53    6.94
 -27983.342     5.687     0.63    7.24
 -27608.702     5.712     0.07    6.89
 -27234.076     5.665    -0.13    6.45
 -26859.465     5.201    -1.24    5.45
 -26484.869     6.666     3.91    5.69
 -26110.288     8.188     4.06    7.15
 -25735.721    10.379     5.85    8.61
 -25361.169    11.620     3.31    8.01
 -24986.631    11.078    -1.45    7.63
 -24612.108     8.663    -6.45    6.77
 -24237.600     5.617    -8.13    5.52
 -23863.107     3.248    -6.33    3.78
 -23488.628     2.294    -2.55    3.31
 -23114.164     1.945    -0.93    3.42
 -22739.715     2.236     0.78    3.80
 -22365.280     2.248     0.03    3.89
 -21990.860     2.188    -0.16    3.19
 -21616.455     1.395    -2.12    2.34
 -21242.065     1.712     0.85    2.66
 -20867.689     2.151     1.17    2.92
 -20493.327     1.882    -0.72    2.56
 -20118.981     1.829    -0.14    1.90
 -19744.649     1.546    -0.76    1.55
 -19370.331     1.386    -0.43    1.31
 -18996.029     1.486     0.27    1.14
 -18621.741     1.687     0.54    1.34
 -18247.467     1.931     0.65    1.42
 -17873.208     2.318     1.03    1.56
 -17498.964     2.565     0.66    1.92
 -17124.735     3.577     2.70    2.28
 -16750.520     4.249     1.80    2.17
 -16376.319     4.145    -0.28    2.16
 -16002.134     4.141    -0.01    1.95
 -15627.963     3.829    -0.83    1.82
 -15253.806     3.760    -0.18    2.25
 -14879.664     4.121     0.96    2.68
 -14505.537     4.282     0.43    2.81
 -14129.109     4.069    -0.56    2.25
 -13752.063     3.387    -1.81    2.52
 -13375.031     2.665    -1.92    2.81
 -12998.015     2.582    -0.22    3.11
 -12621.013     2.782     0.53    2.61
 -12244.026     3.326     1.44    1.92
 -11867.054     3.546     0.58    1.60
 -11490.096     3.155    -1.04    1.33
 -11113.154     2.980    -0.46    1.18
 -10736.226     2.827    -0.41    1.55
 -10359.313     2.920     0.25    1.80
  -9982.415     3.015     0.25    1.80
  -9605.532     3.527     1.36    2.07
  -9228.664     3.903     1.00    2.11
  -8851.810     4.645     1.97    2.60
  -8474.971     4.916     0.72    2.73
  -8098.147     4.941     0.07    2.88
  -7721.338     5.260     0.85    3.03
  -7344.543     5.903     1.71    3.69
  -6967.763     6.736     2.21    4.20
  -6590.998     7.787     2.79    4.19
  -6214.248     9.145     3.60    4.43
  -5837.513    10.211     2.83    4.95
  -5460.792    13.284     8.16    6.67
  -5084.086    16.785     9.29    7.07
  -4707.395    19.761     7.90    5.49
  -4330.718    21.259     3.98    4.63
  -3954.057    20.811    -1.19    4.28
  -3577.410    19.736    -2.85    4.13
  -3200.778    17.665    -5.50    4.64
  -2824.160    16.492    -3.11    4.39
  -2447.557    14.831    -4.41    4.36
  -2070.969    13.086    -4.63    3.66
  -1694.396    11.450    -4.34    3.48
  -1317.837     9.641    -4.81    2.93
   -941.294     8.808    -2.21    2.22
   -564.764     5.980    -7.51    4.87
   -188.250     3.379    -6.91    5.71
    188.250     1.712    -4.43    5.48
    564.735     1.022    -1.83    5.13
    941.205     2.038     2.70    4.92
   1317.661     4.141     5.58    4.29
   1694.102     5.831     4.49    2.90
   2070.528     6.712     2.34    1.47
   2446.940     6.879     0.44    1.44
   2823.337     7.004     0.33    1.52
   3199.719     6.474    -1.41    1.48
   3576.086     6.522     0.13    1.68
   3952.439     5.986    -1.42    1.84
   4328.777     6.201     0.57    1.92
   4705.101     6.069    -0.35    1.96
   5081.410     5.636    -1.15    1.53
   5457.704     5.663     0.07    1.54
   5833.984     5.992     0.87    1.60
   6210.249     6.550     1.48    1.76
   6586.499     6.355    -0.52    2.01
   6962.735     6.395     0.10    1.74
   7338.956     6.468     0.19    1.60
   7715.162     6.783     0.84    1.50
   8091.354     7.236     1.21    1.19
   8467.531     7.379     0.38    1.28
   8843.693     7.403     0.06    1.32
   9219.841     7.687     0.76    1.32
   9595.974     7.786     0.26    1.60
   9972.093     7.712    -0.20    1.70
  10348.197     7.565    -0.39    1.73
  10724.287     7.403    -0.43    1.65
  11100.361     7.688     0.76    1.85
  11476.422     7.834     0.39    1.64
  11852.467     7.998     0.44    1.67
  12228.498     7.941    -0.15    1.58
  12604.515     8.046     0.28    1.47
  12980.517     7.974    -0.19    1.21
  13356.504     7.992     0.05    1.18
  13732.477     8.665     1.79    1.77
  14108.435     9.262     1.59    2.01
  14484.378    10.827     4.16    2.52
  14860.307    12.321     3.98    2.87
  15236.222    14.093     4.71    2.46
  15612.122    16.200     5.60    3.13
  15988.007    18.710     6.68    4.37
  16363.878    21.509     7.44    4.93
  16739.734    24.685     8.45    4.66
  17115.576    28.355     9.77    5.11
  17491.403    32.550    11.16    6.50
  17867.216    37.386    12.87    8.10
  18243.014    44.054    17.74    9.80
  18618.797    50.131    16.17    9.90
  18994.566    54.804    12.44    8.72
  19370.321    60.165    14.27    7.50
  19746.061    62.504     6.22    7.46
  20121.786    65.372     7.64    6.48
  20497.497    68.018     7.04    5.87
  20873.193    69.532     4.03    6.46
  21248.875    71.636     5.60    6.96
  21624.543    76.248    12.28    8.69
  22000.196    81.834    14.87    9.26
  22375.834    86.377    12.10    8.02
  22751.458    90.736    11.60    9.37
  23127.067    94.341     9.60   10.02
  23502.662   100.102    15.34   10.31
  23878.243   105.998    15.70   10.11
  24253.809   111.151    13.72   10.36
  24629.360   116.178    13.39   10.86
  25004.897   119.813     9.68   10.14
  25380.420   122.808     7.97   10.75
  25755.928   127.284    11.92   12.04
  26131.422   129.903     6.97   12.85
  26506.901   137.808    21.05   16.81
  26882.366   150.136    32.83   21.71
  27257.816   162.297    32.39   22.75
  27633.252   171.882    25.53   17.55
  28008.673   177.474    14.89   20.78
  28384.080   190.419    34.48   24.91
  28759.473   207.308    44.99   40.09
  29134.851   233.950    70.97   53.67
  29510.215   266.015    85.42   66.09
  29885.564   293.260    72.58   56.76
  30260.899   297.053    10.11   57.31
  30636.219   270.284   -71.32   68.64
  31011.525   234.038   -96.57   46.29
  31386.817   216.527   -46.66   26.47
  31762.094   221.974    14.52   32.53
  32137.356   225.061     8.23   29.94
  32512.605   215.468   -25.56   26.83
  32887.839   205.294   -27.11   23.56
  33263.058   197.974   -19.51   13.51
  33638.264   203.308    14.21   18.33
  34013.454   208.569    14.02   20.18
  34388.631   209.907     3.56   19.02
  34763.793   210.611     1.88   17.72
  35138.940   206.046   -12.17   12.35
  35514.074   209.361     8.84   13.10
  35889.193   217.427    21.50   19.79
  36264.297   233.546    42.97   30.86
  36639.387   257.998    65.19   49.75
  37014.463   286.546    76.11   64.98
  37389.525   318.941    86.37   81.09
  37764.572   352.668    89.92   98.11
  38139.605   377.248    65.54   92.57
  38514.623   348.597   -76.40  101.41
  38889.627   284.639  -170.55  123.85
  39264.617   208.262  -203.67  111.51
  39639.592   141.236  -178.74   72.62
  40014.553   102.146  -104.25   29.80
  40389.500    88.950   -35.19   22.28
  40764.433    81.665   -19.43   22.46
  41139.351    83.608     5.18   28.81
  41514.254    88.804    13.86   32.59
  41889.144    89.105     0.80   31.48
  42264.019    86.131    -7.93   29.55
  42638.880    74.434   -31.20   29.78
  43013.726    58.974   -41.24   26.14
  43388.559    42.532   -43.87   17.09
  43763.377    32.659   -26.34   12.34
  44138.180    26.782   -15.68    8.22
  44512.970    25.370    -3.77    8.25
  44887.745    24.760    -1.63    7.37
  45262.506    24.831     0.19    8.00
  45637.252    24.297    -1.43    7.94
  46011.984    25.411     2.97    9.38
  46386.702    24.911    -1.33    9.87
  46761.406    22.175    -7.30    8.53
  47136.096    18.665    -9.37    7.26
  47510.771    15.736    -7.82    4.65
  47885.432    13.569    -5.78    3.29
  48260.078    12.308    -3.37    2.96
  48634.711    11.468    -2.24    2.40
  49009.329    11.078    -1.04    2.63
  49383.933    10.899    -0.48    2.52
  49758.523    10.617    -0.75    2.60
  50133.098    10.271    -0.92    2.38
  50507.659    10.308     0.10    2.28
  50882.206     9.736    -1.53    1.96
  51256.739     9.590    -0.39    1.86
  51631.258     9.370    -0.59    1.67
  52005.762     9.639     0.72    1.50
  52380.252    10.212     1.53    1.78
  52754.728    10.541     0.88    2.06
  53129.190    10.450    -0.24    2.73
  53503.637     9.614    -2.23    3.54
  53878.070     9.188    -1.14    3.62
  54252.489     8.018    -3.13    3.32
  54626.894     7.550    -1.25    4.18
  55001.285     8.102     1.47    5.22
  55375.662     8.712     1.63    5.30
  55750.024     8.126    -1.57    4.59
  56124.372     8.289     0.43    4.36
  56498.706     8.327     0.10    4.21
  56873.026     9.018     1.85    3.95
  57247.331     9.665     1.73    3.08
  57621.623    10.852     3.17    1.72
  57995.900    10.761    -0.24    1.35
  58370.163    10.577    -0.49    1.45
  58744.412    10.605     0.07    1.30
  59118.647    10.372    -0.62    1.38
  59492.867    10.093    -0.75    1.34
  59867.074    10.899     2.15    2.24
  60241.266    12.688     4.78    3.36
  60615.445    14.428     4.65    3.78
  60992.349    16.645     5.88    3.78
  61369.351    19.044     6.36    3.66
  61746.340    21.760     7.20    4.56
  62123.314    24.761     7.96    4.86
  62500.274    27.029     6.02    4.51
  62877.220    29.554     6.70    3.55
  63254.151    31.210     4.39    3.17
  63631.068    33.102     5.02    3.06
  64007.970    35.117     5.35    3.18
  64384.858    37.419     6.11    3.24
  64761.732    39.668     5.97    3.45
  65138.592    41.454     4.74    3.13
  65515.437    43.236     4.73    3.09
  65892.267    45.165     5.12    2.89
  66269.084    46.590     3.78    2.66
  66645.886    48.248     4.40    2.57
  67022.674    49.864     4.29    2.36
  67399.448    51.474     4.27    2.19
  67776.207    53.212     4.61    2.56
  68152.952    55.069     4.93    2.67
  68529.683    57.029     5.20    2.41
  68906.399    58.639     4.27    2.20
  69283.101    60.224     4.21    2.21
  69659.789    62.141     5.09    2.00
  70036.462    63.806     4.42    2.19
  70413.122    65.492     4.48    1.93
  70789.767    66.855     3.62    1.97
  71166.397    68.474     4.30    2.18
  71543.014    70.069     4.24    1.80
  71919.616    71.346     3.39    2.01
  72296.204    72.903     4.13    2.08
  72672.777    74.450     4.11    2.40
  73049.337    75.597     3.04    2.34
  73425.882    76.927     3.53    2.32
  73802.413    78.427     3.98    2.66
  74178.929    79.590     3.09    2.68
  74555.432    80.931     3.56    2.25
  74931.920    82.236     3.47    2.70
  75308.394    83.165     2.47    2.97
  75684.854    83.165     0.00    2.96
  76061.299    83.078    -0.23    3.27
  76437.730    83.086     0.02    2.90
  76814.147    82.617    -1.25    2.90
  77190.550    83.284     1.77    2.65
  77566.939    84.614     3.53    2.59
  77943.313    85.546     2.47    3.02
  78319.673    85.858     0.83    2.93
  78696.019    85.834    -0.06    3.37
  79072.351    85.641    -0.51    3.12
  79448.669    85.443    -0.52    2.64
  79824.972    85.541     0.26    1.90
  80201.261    87.004     3.89    2.09
  80577.536    88.661     4.40    2.55
  80953.797    90.318     4.40    2.36
  81330.043    91.861     4.10    2.09
  81706.276    93.046     3.15    1.98
  82082.494    94.498     3.86    2.10
  82458.698    95.882     3.68    2.22
  82834.888    97.304     3.78    2.34
  83211.064    99.018     4.56    2.00
  83587.226   100.573     4.13    2.49
  83963.373   102.593     5.37    2.58
  84339.507   103.998     3.73    2.57
  84715.626   105.852     4.93    2.28
  85091.731   107.078     3.26    2.20
  85467.822   108.145     2.84    2.25
  85843.898   109.311     3.10    2.17
  86219.961   110.248     2.49    2.59
  86596.009   111.665     3.77    2.88
  86972.044   113.121     3.87    2.60
  87348.064   114.486     3.63    2.88
  87724.070   116.044     4.14    2.86
  88100.062   117.102     2.81    2.84
  88476.040   118.907     4.80    2.91
  88852.004   120.836     5.13    3.14
  89227.953   123.304     6.56    3.45
  89603.889   125.973     7.10    3.32
  89979.811   127.980     5.34    3.37
  90355.718   130.141     5.75    3.22
  90731.611   131.956     4.83    3.45
  91107.490   133.986     5.40    3.44
  91483.355   135.531     4.11    3.34
  91859.206   137.093     4.16    3.53
  92235.043   138.806     4.56    3.89
  92610.866   140.355     4.12    3.66
  92986.675   142.593     5.95    3.76
  93362.470   144.986     6.37    3.90
  93738.250   147.126     5.70    4.28
  94114.017   149.736     6.94    4.77
  94489.769   151.903     5.77    4.37
  94865.508   154.151     5.98    4.10
  95241.232   156.117     5.23    4.05
  95616.943   157.200     2.88    4.20
  95992.639   158.379     3.14    4.62
  96368.321   159.395     2.70    4.89
  96743.990   160.784     3.70    5.33
  97119.644   162.355     4.18    4.05
  97495.284   162.318    -0.10    3.61
  97870.910   162.260    -0.15    3.39
  98246.522   161.736    -1.39    3.12
  98622.120   161.061    -1.80    3.02
  98997.704   159.858    -3.20    2.87
  99373.275   157.665    -5.84    3.80
  99748.831   154.663    -7.99    4.90
 100124.373   151.379    -8.74    4.64
 100499.901   148.998    -6.34    3.69
 100875.415   148.443    -1.48    2.96
 101250.915   149.761     3.51    3.65
 101626.401   151.355     4.24    3.70
 102001.873   152.639     3.42    3.46
 102377.331   153.712     2.86    3.95
 102752.775   154.663     2.53    3.92
 103128.205   155.461     2.13    4.08
 103503.621   156.759     3.46    3.99
 103879.024   158.326     4.17    3.78
 104254.412   159.858     4.08    3.89
 104629.786   160.522     1.77    3.72
 105005.146   160.211    -0.83    4.55
 105380.493   160.418     0.55    5.83
 105755.825   162.069     4.40    6.64
 106131.143   166.191    10.98    9.44
 106506.448   179.022    34.19   21.34
 106881.738   200.546    57.35   43.56
 107257.015   241.062   107.95   66.66
 107632.277   284.210   114.97   67.27
 108007.526   307.782    62.81   62.67
 108382.761   323.069    40.74   65.20
 108757.982   331.178    21.61   64.52
 109133.189   337.379    16.53   63.30
 109508.381   344.941    20.15   60.80
 109883.561   349.236    11.45   59.56
 110258.726   335.789   -35.84   63.96
 110633.877   302.980   -87.45   69.54
 111009.014   269.974   -87.98   55.51
 111384.138   263.882   -16.24   42.97
 111759.247   290.131    69.97   60.52
 112134.343   312.659    60.05   59.27
 112509.424   311.617    -2.78   59.55
 112884.492   305.126   -17.30   64.94
 113259.546   294.492   -28.35   53.10
 113634.586   304.858    27.64   50.47
 114009.612   323.102    48.64   51.94
 114384.625   349.029    69.13   42.23
 114759.623   370.260    56.61   29.10
 115134.608   381.318    29.49   27.40
 115509.578   391.308    26.64   24.46
 115884.535   399.712    22.41   23.58
 116259.478   410.690    29.27   17.93
 116634.407   413.450     7.36   23.20
 117009.322   418.175    12.60   28.70
 117384.224   417.200    -2.60   35.42
 117759.111   418.419     3.25   34.96
 118133.985   415.370    -8.13   37.43
 118508.845   409.175   -16.52   41.58
 118883.691   390.346   -50.23   52.43
 119258.523   363.284   -72.19   64.28
 119633.341   331.641   -84.41   64.84
 120008.146   302.454   -77.86   56.07
 120382.936   291.236   -29.93   52.40
 120757.713   281.956   -24.76   40.68
 121132.476   283.641     4.50   44.04
 121507.226   298.151    38.72   51.97
 121881.961   318.210    53.52   56.58
 122256.683   342.168    63.93   59.63
 122631.390   365.403    62.00   57.21
 123006.084   391.617    69.96   51.04
 123380.765   421.411    79.51   41.28
 123755.431   438.864    46.58   24.38
 124130.084   451.145    32.78    8.96
 124504.722   456.341    13.87    6.38
 124879.347   459.527     8.50    5.60
 125253.959   461.760     5.96    5.61
 125628.556   461.212    -1.46    5.89
 126003.140   459.597    -4.31    8.52
 126377.710   457.993    -4.28   10.13
 126752.266   454.350    -9.72   19.98
 127126.808   454.861     1.37   23.54
 127501.337   457.639     7.42   19.20
 127875.852   459.614     5.27   20.07
 128250.353   460.541     2.47   24.09
 128624.840   459.736    -2.15   26.33
 128999.314   457.961    -4.74   25.37
 129373.774   448.161   -26.17   35.23
 129748.220   430.331   -47.61   46.90
 130122.653   414.492   -42.30   52.20
 130497.071   394.450   -53.52   55.38
 130871.476   384.046   -27.79   51.55
 131245.867   371.712   -32.94   46.34
 131620.245   364.111   -20.30   39.42
 131994.609   359.565   -12.14   25.76
 132368.959   356.593    -7.94   18.61
 132743.295   356.062    -1.42   14.43
 133117.618   356.141     0.21   13.02
 133491.927   362.546    17.11   19.32
 133866.222   371.046    22.71   21.27
 134240.503   376.882    15.59   17.83
 134614.771   380.614     9.97   12.27
 134989.025   377.986    -7.02    9.15
 135363.266   376.522    -3.91    8.00
 135737.880   375.450    -2.86   10.59
 136114.859   378.569     8.27   13.91
 136491.823   384.188    14.90   14.19
 136868.774   387.993    10.09    9.66
 137245.711   387.665    -0.87   10.63
 137622.633   383.474   -11.12    8.65
 137999.542   380.783    -7.14    8.14
 138376.437   379.069    -4.55    9.46
 138753.318   377.249    -4.83   10.84
 139130.186   375.122    -5.64   13.55
 139507.039   375.907     2.08   13.08
 139883.879   376.620     1.89   15.32
 140260.704   371.046   -14.79   26.86
 140637.516   361.710   -24.77   34.11
 141014.314   351.782   -26.35   41.61
 141391.098   334.186   -46.69   45.19
 141767.869   321.712   -33.10   48.75
 142144.625   304.712   -45.12   46.33
 142521.368   293.685   -29.27   46.67
 142898.096   287.895   -15.37   46.38
 143274.811   275.710   -32.34   44.93
 143651.512   269.663   -16.05   46.41
 144028.200   257.808   -31.47   40.56
 144404.873   240.300   -46.47   27.92
 144781.533   227.918   -32.87   21.57
 145158.178   220.473   -19.76   18.35
 145534.810   214.858   -14.91   19.73
 145911.429   209.784   -13.47   16.66
 146288.033   205.443   -11.52   11.54
 146664.623   206.804     3.61   14.53
 147041.200   211.815    13.30   24.09
 147417.763   218.165    16.86   31.36
 147794.312   223.069    13.02   37.15
 148170.848   219.419    -9.69   34.07
 148547.369   214.155   -13.98   29.16
 148923.877   206.839   -19.43   20.58
 149300.371   198.688   -21.65   16.48
 149676.851   192.093   -17.52   12.69
 150053.318   185.614   -17.21    9.53
 150429.770   182.102    -9.33    8.90
 150806.209   179.611    -6.62    8.27
 151182.634   176.078    -9.39    8.31
 151559.046   172.834    -8.62    8.81
 151935.443   168.641   -11.14    8.48
 152311.827   163.980   -12.38    7.71
 152688.197   160.331    -9.69    6.98
 153064.554   156.443   -10.33    6.13
 153440.896   155.858    -1.56    7.59
 153817.225   153.761    -5.57    8.57
 154193.540   152.308    -3.86    8.59
 154569.842   152.093    -0.57    7.46
 154946.129   150.355    -4.62    6.10
 155322.403   151.069     1.90    5.05
 155698.664   150.687    -1.02    3.72
 156074.910   149.687    -2.66    3.29
 156451.143   149.590    -0.26    2.46
 156827.362   150.004     1.10    2.18
 157203.567   151.126     2.98    2.53
 157579.759   152.427     3.46    2.79
 157955.937   153.956     4.06    2.93
 158332.101   154.980     2.72    2.60
 158708.252   156.086     2.94    2.64
 159084.389   157.102     2.70    2.61
 159460.512   158.078     2.59    2.66
 159836.621   158.760     1.81    2.88
 160212.717   159.260     1.33    2.91
 160588.799   159.531     0.72    3.14
 160964.867   159.713     0.48    3.08
 161340.922   160.273     1.49    2.61
 161716.963   160.284     0.03    2.69
 162092.991   159.980    -0.81    2.62
 162469.004   159.841    -0.37    2.52
 162845.005   159.691    -0.40    2.80
 163220.991   159.661    -0.08    2.65
 163596.964   159.175    -1.29    2.55
 163972.923   158.785    -1.04    2.78
 164348.868   159.198     1.10    2.65
 164724.800   161.054     4.94    3.14
 165100.718   163.377     6.18    3.48
 165476.623   166.355     7.92    4.27
 165852.514   169.761     9.06    4.54
 166228.391   173.411     9.71    4.91
 166604.255   177.804    11.69    5.72
 166980.105   181.315     9.34    7.04
 167355.941   184.427     8.28    8.85
 167731.764   187.062     7.01    9.73
 168107.573   192.297    13.93   11.47
 168483.369   209.554    45.92   28.86
 168859.151   229.787    53.84   35.95
 169234.919   243.093    35.41   34.77
 169610.674   248.641    14.76   34.48
 169986.415   235.308   -35.48   33.76
 170362.143   221.022   -38.02   20.79
 170737.857   220.136    -2.36   11.84
 171113.557   229.370    24.58   22.17
 171489.244   250.136    55.27   34.12
 171864.917   277.736    73.46   36.12
 172240.577   296.639    50.31   23.09
 172616.223   306.260    25.61   15.55
 172991.855   309.224     7.89   12.82
 173367.474   310.712     3.96   10.29
 173743.079   311.858     3.05    7.90
 174118.671   312.395     1.43    9.10
 174494.249   314.617     5.92    9.32
 174869.814   316.829     5.89    9.09
 175245.365   319.403     6.85    6.86
 175620.903   323.903    11.98    9.15
 175996.427   329.836    15.80   12.26
 176371.937   334.761    13.11   12.40
 176747.434   341.151    17.01   10.34
 177122.918   345.224    10.85   10.21
 177498.388   348.443     8.57    9.69
 177873.844   352.069     9.66   10.40
 178249.287   353.443     3.66    8.98
 178624.716   352.685    -2.02    9.72
 179000.132   352.974     0.77   12.81
 179375.534   352.029    -2.52   14.67
 179750.923   349.712    -6.17   14.59
 180126.298   344.386   -14.19   10.45
 180501.660   342.157    -5.94    8.27
 180877.008   345.668     9.35   10.52
 181252.343   351.146    14.59   14.70
 181627.664   357.212    16.16   18.64
 182002.972   364.155    18.50   19.72
 182378.266   366.582     6.47   20.30
 182753.547   372.145    14.82   21.97
 183128.814   376.868    12.58   22.71
 183504.068   380.784    10.43   27.14
 183879.309   383.284     6.66   32.22
 184254.535   382.639    -1.72   33.93
 184629.749   387.100    11.89   37.25
 185004.949   392.890    15.43   36.00
 185380.135   397.260    11.65   34.87
 185755.308   402.961    15.19   31.64
 186130.468   402.903    -0.16   30.91
 186505.614   403.974     2.86   28.36
 186880.747   407.286     8.83   24.25
 187255.866   406.522    -2.04   22.78
 187630.972   405.536    -2.63   21.52
 188006.064   404.858    -1.81   19.50
 188381.143   401.858    -8.00   19.88
 188756.208   403.224     3.64   16.79
 189131.260   399.882    -8.91   18.53
 189506.299   399.427    -1.22   20.90
 189881.324   399.211    -0.57   21.89
 190256.336   397.936    -3.40   22.67
 190631.334   400.522     6.89   20.04
 191006.319   399.427    -2.92   19.37
 191381.291   400.212     2.10   19.33
 191756.249   400.617     1.08   17.65
 192131.193   399.861    -2.02   17.32
 192506.125   400.361     1.33   16.77
 192881.043   400.308    -0.14   15.83
 193255.947   402.522     5.91   13.89
 193630.838   404.151     4.34   12.35
 194005.716   404.498     0.93   12.69
 194380.580   404.886     1.04   11.51
 194755.431   401.973    -7.77   11.85
 195130.269   402.248     0.73   10.24
 195505.093   401.858    -1.04    8.29
 195879.904   401.687    -0.46    9.33
 196254.701   401.712     0.07    8.70
 196629.486   401.326    -1.03    6.88
 197004.256   399.872    -3.88    5.49
 197379.014   398.608    -3.37    4.64
 197753.758   397.688    -2.45    3.68
 198128.488   397.688     0.00    4.20
 198503.206   397.297    -1.04    5.03
 198877.910   395.806    -3.98    5.99
 199252.600   393.210    -6.93    6.73
 199627.278   390.759    -6.54    6.30
 200001.942   387.911    -7.60    5.42
 200376.592   385.212    -7.20    5.04
 200751.230   383.468    -4.66    5.85
 201125.854   381.839    -4.35    6.72
 201500.464   381.641    -0.53    7.01
 201875.062   382.026     1.03    6.72
 202249.646   381.517    -1.36    6.47
 202624.216   380.468    -2.80    6.08
 202998.774   381.395     2.47    4.97
 203373.318   381.093    -0.80    3.98
 203747.849   380.436    -1.75    3.77
 204122.366   380.336    -0.27    3.35
 204496.870   379.036    -3.47    4.21
 204871.361   378.712    -0.86    3.60
 205245.839   377.522    -3.18    3.82
 205620.303   375.974    -4.13    4.57
 205994.754   373.419    -6.82    5.94
 206369.192   370.861    -6.83    8.43
 206743.617   367.663    -8.54   10.65
 207118.028   363.155   -12.04   12.27
 207492.426   359.809    -8.93   14.12
 207866.810   352.321   -20.00   15.65
 208241.182   345.834   -17.33   17.14
 208615.540   339.200   -17.72   17.15
 208989.885   332.611   -17.60   18.27
 209364.216   327.141   -14.61   18.45
 209738.535   319.786   -19.65   18.28
 210112.840   312.931   -18.31   17.98
 210487.132   305.046   -21.06   16.78
 210862.286   297.486   -20.15   13.92
 211239.219   293.831    -9.69   12.35
 211616.138   289.736   -10.86   10.73
 211993.043   286.450    -8.72    8.73
 212369.935   284.427    -5.37    7.14
 212746.814   282.346    -5.52    5.50
 213123.679   281.992    -0.94    5.01
 213500.531   282.447     1.21    4.31
 213877.370   283.341     2.37    3.86
 214254.195   283.761     1.11    3.60
 214631.007   284.688     2.46    4.20
 215007.805   285.069     1.01    5.45
 215384.590   285.044    -0.07    6.53
 215761.361   285.969     2.45    8.02
 216138.119   286.011     0.11    8.09
 216514.864   285.236    -2.06    6.33
 216891.595   286.102     2.30    5.53
 217268.313   285.813    -0.77    4.37
 217645.018   286.117     0.81    4.50
 218021.709   286.786     1.78    4.59
 218398.386   286.078    -1.88    4.62
 218775.051   284.980    -2.91    5.38
 219151.702   282.711    -6.02    4.79
 219528.339   280.974    -4.61    3.09
 219904.964   280.486    -1.30    2.49
 220281.575   281.785     3.45    3.01
 220658.172   283.931     5.70    3.20
 221034.756   286.175     5.96    4.12
 221411.327   288.809     6.99    4.97
 221787.885   290.614     4.79    4.78
 222164.429   292.248     4.34    3.76
 222540.960   293.661     3.75    3.26
 222917.477   295.403     4.62    3.81
 223293.981   297.907     6.65    4.42
 223670.472   300.527     6.96    4.52
 224046.949   304.102     9.49    4.33
 224423.414   307.261     8.39    4.76
 224799.864   311.370    10.91    5.09
 225176.302   316.188    12.80    5.85
 225552.726   320.688    11.95    6.30
 225929.137   325.093    11.70    5.92
 226305.535   329.986    13.00    4.20
 226681.919   336.286    16.74    8.07
 227058.290   344.386    21.52   12.06
 227434.648   354.565    27.04   13.30
 227810.992   365.346    28.64   11.75
 228187.323   372.831    19.89    8.25
 228563.641   377.858    13.36    4.43
 228939.945   379.762     5.06    3.54
 229316.236   378.593    -3.10    3.47
 229692.514   378.370    -0.59    3.08
 230068.779   377.427    -2.51    3.27
 230445.030   376.761    -1.77    3.06
 230821.269   376.710    -0.13    2.90
 231197.493   376.827     0.31    2.81
 231573.705   376.956     0.34    2.49
 231949.903   377.395     1.17    2.24
 232326.088   377.907     1.36    2.57
 232702.260   378.172     0.70    2.35
 233078.419   378.100    -0.19    2.25
 233454.564   377.864    -0.63    1.91
 233830.696   376.321    -4.10    3.26
 234206.815   372.492   -10.18    4.94
 234582.921   369.223    -8.69    4.93
 234959.013   366.577    -7.03    2.73
 235335.092   365.762    -2.17    1.81
 235711.158   365.809     0.12    1.72
 236087.211   365.903     0.25    1.54
 236463.250   365.541    -0.96    1.47
 236839.276   364.918    -1.66    1.42
 237215.289   363.789    -3.00    1.72
 237591.289   363.450    -0.90    2.23
 237967.276   363.355    -0.25    2.33
 238343.249   363.809     1.21    2.17
 238719.210   364.029     0.58    2.27
 239095.157   363.839    -0.51    2.17
 239471.090   363.760    -0.21    2.26
 239847.011   363.224    -1.43    2.70
 240222.918   363.078    -0.39    2.78
 240598.813   362.907    -0.45    3.12
 240974.694   362.907     0.00    3.56
 241350.562   363.936     2.74    3.42
 241726.416   364.936     2.66    3.07
 242102.258   365.565     1.67    1.63
 242478.086   365.784     0.58    1.41
 242853.901   365.903     0.32    1.58
 243229.703   365.641    -0.70    1.92
 243605.492   365.474    -0.44    2.41
 243981.268   364.565    -2.42    2.95
 244357.031   363.468    -2.92    2.96
 244732.780   362.297    -3.12    2.86
 245108.516   360.712    -4.22    2.92
 245484.239   359.346    -3.63    3.22
 245859.949   357.687    -4.41    3.20
 246235.646   356.661    -2.73    3.06
 246611.330   356.308    -0.94    4.10
 246987.000   355.636    -1.79    3.86
 247362.658   354.284    -3.60    3.69
 247738.302   352.736    -4.12    3.46
 248113.933   351.899    -2.23    3.16
 248489.551   350.879    -2.71    2.94
 248865.156   350.018    -2.29    2.93
 249240.748   349.577    -1.17    3.10
 249616.327   348.834    -1.98    3.01
 249991.893   347.950    -2.35    3.74
 250367.445   347.370    -1.54    3.97
 250742.985   346.868    -1.34    4.01
 251118.511   346.600    -0.71    3.38
 251494.024   346.061    -1.43    2.66
 251869.524   345.808    -0.68    2.03
 252245.012   345.379    -1.14    2.15
 252620.485   344.172    -3.21    2.45
 252995.946   343.304    -2.31    2.34
 253371.394   342.993    -0.83    2.34
 253746.829   343.461     1.25    2.21
 254122.251   343.541     0.21    2.54
 254497.659   342.931    -1.62    3.05
 254873.055   342.236    -1.85    4.03
 255248.437   341.710    -1.40    4.26
 255623.807   341.911     0.54    4.66
 255999.163   342.331     1.12    4.59
 256374.507   342.931     1.60    4.05
 256749.837   343.093     0.43    4.47
 257125.154   341.927    -3.11    5.59
 257500.458   329.811   -32.28   25.53
 257875.749   311.661   -48.35   38.20
 258251.028   280.590   -82.78   44.08
 258626.293   248.046   -86.71   31.80
 259001.545   230.419   -46.96   18.97
 259376.784   221.188   -24.59    7.67
 259752.010   216.536   -12.40    3.01
 260127.223   213.961    -6.86    2.75
 260502.423   212.261    -4.53    2.46
 260877.610   210.639    -4.32    2.35
 261252.784   208.736    -5.07    2.16
 261627.945   207.224    -4.03    2.23
 262003.093   205.311    -5.10    2.26
 262378.228   203.394    -5.11    2.07
 262753.350   201.903    -3.97    2.25
 263128.459   200.261    -4.38    2.17
 263503.555   198.907    -3.61    1.91
 263878.638   197.395    -4.03    2.32
 264253.708   196.069    -3.53    1.92
 264628.765   195.077    -2.65    1.82
 265003.809   193.967    -2.96    1.84
 265378.840   193.212    -2.01    1.80
 265753.858   192.427    -2.09    1.67
 266128.863   191.736    -1.84    1.71
 266503.855   190.872    -2.30    1.69
 266878.834   190.368    -1.35    1.55
 267253.800   190.331    -0.10    1.50
 267628.754   190.961     1.68    1.72
 268003.694   191.617     1.75    1.61
 268378.621   192.541     2.46    1.35
 268753.536   192.813     0.73    1.71
 269128.437   193.236     1.13    2.03
 269503.326   193.861     1.67    2.37
 269878.202   194.761     2.40    2.57
 270253.064   196.086     3.54    3.13
 270627.914   197.639     4.14    3.62
 271002.751   199.224     4.23    3.74
 271377.575   200.614     3.71    3.76
 271752.386   201.886     3.39    3.72
 272127.184   204.443     6.82    4.00
 272501.969   207.165     7.26    4.46
 272876.741   210.260     8.26    5.12
 273251.500   211.903     4.38    4.64
 273626.247   209.565    -6.24    5.67
 274000.980   206.186    -9.02    6.36
 274375.701   203.586    -6.94    4.90
 274750.409   202.186    -3.74    2.22
 275125.104   203.224     2.77    2.15
 275499.786   203.931     1.89    2.09
 275874.455   203.665    -0.71    2.57
 276249.111   202.736    -2.48    2.52
 276623.754   202.183    -1.47    2.47
 276998.384   202.271     0.23    2.36
 277373.002   202.639     0.98    2.21
 277747.607   202.907     0.72    2.34
 278122.198   202.590    -0.85    2.07
 278496.777   202.300    -0.77    2.29
 278871.343   202.759     1.22    2.88
 279245.897   204.377     4.32    3.84
 279620.437   206.443     5.52    4.23
 279994.965   210.436    10.66    4.89
 280369.479   213.661     8.61    4.82
 280743.981   213.532    -0.35    4.70
 281118.470   213.236    -0.79    5.33
 281492.946   211.046    -5.85    4.60
 281867.409   208.593    -6.55    2.21
 282241.860   208.590    -0.01    2.04
 282616.298   209.151     1.50    2.47
 282990.722   209.069    -0.22    2.90
 283365.134   209.093     0.06    3.59
 283739.534   209.336     0.65    3.53
 284113.920   210.165     2.21    3.56
 284488.293   210.541     1.00    3.56
 284862.654   211.927     3.70    3.76
 285237.002   212.411     1.29    5.00
 285611.337   213.078     1.78    4.85
 285987.004   214.078     2.66    4.98
 286363.903   216.141     5.47    5.56
 286740.789   217.936     4.76    5.02
 287117.662   219.141     3.20    3.53
 287494.522   219.907     2.03    3.28
 287871.369   219.370    -1.42    3.85
 288248.203   218.411    -2.54    4.04
 288625.024   217.712    -1.86    5.74
 289001.832   216.492    -3.24    6.06
 289378.628   215.126    -3.62    6.05
 289755.410   213.639    -3.95    5.58
 290132.179   212.386    -3.32    4.11
 290508.936   212.403     0.04    4.03
 290885.679   212.661     0.69    3.85
 291262.410   212.907     0.65    3.95
 291639.127   213.665     2.01    3.62
 292015.832   214.736     2.84    3.06
 292392.523   215.712     2.59    3.00
 292769.202   217.044     3.53    3.16
 293145.868   218.046     2.66    2.78
 293522.521   219.355     3.48    2.95
 293899.161   220.286     2.47    2.75
 294275.788   221.188     2.40    2.41
 294652.402   221.052    -0.36    2.55
 295029.003   220.783    -0.71    2.13
 295405.592   220.565    -0.58    2.77
 295782.167   220.980     1.10    2.76
 296158.729   222.062     2.87    2.64
 296535.279   223.210     3.05    3.00
 296911.816   225.688     6.58    3.50
 297288.339   227.536     4.91    3.62
 297664.850   229.974     6.47    3.71
 298041.348   232.022     5.44    3.68
 298417.833   233.813     4.76    3.83
 298794.306   235.927     5.61    4.34
 299170.765   237.886     5.20    4.02
 299547.212   239.784     5.04    3.88
 299923.645   240.569     2.09    3.93
 300300.066   241.036     1.24    3.44
 300676.474   241.712     1.80    4.24
 301052.869   242.036     0.86    4.29
 301429.251   243.078     2.77    4.44
 301805.620   244.468     3.69    4.09
 302181.977   245.858     3.69    4.63
 302558.320   248.861     7.98    4.50
 302934.651   251.736     7.64    4.55
 303310.969   254.761     8.03    4.72
 303687.274   258.355     9.55    4.54
 304063.566   260.808     6.52    4.47
 304439.845   263.450     7.02    3.83
 304816.112   265.641     5.82    2.75
 305192.366   267.956     6.15    3.31
 305568.607   269.236     3.40    3.61
 305944.835   269.086    -0.40    3.64
 306321.050   268.931    -0.41    4.11
 306697.252   267.175    -4.67    4.90
 307073.442   265.370    -4.80    3.87
 307449.619   264.311    -2.81    4.38
 307825.783   263.736    -1.53    4.23
 308201.934   263.586    -0.40    4.38
 308578.072   262.903    -1.82    4.85
 308954.198   263.236     0.89    4.82
 309330.311   264.411     3.12    4.56
 309706.411   265.998     4.22    4.28
 310082.498   268.069     5.51    4.10
 310458.572   270.736     7.09    4.67
 310834.634   272.419     4.47    3.25
 311210.683   272.931     1.36    3.20
 311586.719   272.212    -1.91    3.71
 311962.742   270.841    -3.65    3.54
 312338.753   269.341    -3.99    3.38
 312714.751   268.086    -3.34    4.18
 313090.736   265.736    -6.25    4.32
 313466.708   262.522    -8.55    3.20
 313842.668   260.967    -4.13    3.26
 314218.614   259.593    -3.65    2.87
 314594.548   258.839    -2.01    2.85
 314970.470   258.308    -1.41    2.91
 315346.378   257.941    -0.97    2.67
 315722.274   257.773    -0.45    2.21
