-251627.246   421.695     0.00    1.73
-251251.986   421.705     0.03    1.67
-250876.712   421.333    -0.99    1.23
-250501.424   421.038    -0.79    1.24
-250126.122   421.129     0.24    1.34
-249750.806   420.756    -0.99    1.36
-249375.476   420.714    -0.11    1.33
-249000.132   420.508    -0.55    1.36
-248624.774   420.467    -0.11    1.07
-248249.401   420.538     0.19    1.36
-247874.015   420.544     0.02    1.49
-247498.614   420.288    -0.68    1.56
-247123.200   420.133    -0.41    1.44
-246747.771   420.136     0.01    1.79
-246372.328   420.262     0.34    1.82
-245996.871   420.705     1.18    1.96
-245621.400   420.470    -0.63    1.82
-245245.915   420.244    -0.60    1.79
-244870.416   419.952    -0.78    2.11
-244494.903   419.687    -0.71    1.89
-244119.375   419.638    -0.13    1.81
-243743.834   419.379    -0.69    1.73
-243368.278   419.649     0.72    1.37
-242992.708   419.238    -1.09    1.87
-242617.124   418.786    -1.20    1.75
-242241.526   419.150     0.97    1.84
-241865.914   418.905    -0.65    1.96
-241490.288   418.233    -1.79    1.69
-241114.647   417.952    -0.75    1.98
-240738.993   416.955    -2.65    2.11
-240363.324   415.833    -2.99    2.62
-239987.641   414.028    -4.80    2.63
-239611.944   412.595    -3.81    2.50
-239236.232   411.262    -3.55    2.05
-238860.507   410.272    -2.63    1.52
-238484.767   410.516     0.65    1.72
-238109.014   410.643     0.34    1.90
-237733.246   411.089     1.19    1.92
-237357.464   411.089     0.00    1.77
-236981.667   410.595    -1.31    1.94
-236605.857   410.595     0.00    1.91
-236230.032   410.405    -0.51    1.86
-235854.193   410.952     1.46    1.84
-235478.340   411.310     0.95    1.80
-235102.473   411.443     0.36    1.76
-234726.591   411.524     0.21    1.67
-234350.696   411.711     0.50    2.03
-233974.786   410.714    -2.65    2.37
-233598.862   409.908    -2.14    2.63
-233222.923   409.167    -1.97    2.27
-232846.971   407.638    -4.06    2.78
-232471.004   406.643    -2.65    3.16
-232095.023   404.541    -5.59    3.39
-231719.028   402.244    -6.11    1.89
-231343.018   401.159    -2.88    1.80
-230966.995   400.199    -2.55    1.43
-230590.957   399.980    -0.58    1.49
-230214.905   399.785    -0.52    1.56
-229838.838   399.833     0.13    1.43
-229462.758   399.561    -0.73    1.35
-229086.663   399.500    -0.16    1.22
-228710.553   399.262    -0.63    1.15
-228334.430   398.952    -0.82    1.40
-227958.292   398.907    -0.12    1.33
-227582.140   398.697    -0.56    1.11
-227205.974   398.833     0.36    1.26
-226829.793   399.447     1.63    1.43
-226453.599   400.881     3.81    2.90
-226077.390   402.286     3.73    3.98
-225701.166   402.438     0.40    3.72
-225324.929   402.018    -1.12    3.94
-224948.677   401.220    -2.12    3.49
-224572.410   400.483    -1.96    2.27
-224196.130   401.136     1.73    2.74
-223819.835   401.476     0.90    2.57
-223443.526   401.500     0.06    2.32
-223067.202   400.652    -2.25    2.15
-222690.864   400.244    -1.08    1.46
-222314.512   399.955    -0.77    1.58
-221938.146   400.126     0.45    2.16
-221561.765   400.808     1.81    2.47
-221185.370   401.242     1.15    2.60
-220808.961   401.123    -0.32    2.29
-220432.537   400.370    -2.00    1.60
-220056.099   399.810    -1.49    1.30
-219679.646   399.907     0.26    1.46
-219303.180   400.720     2.16    2.50
-218926.699   401.551     2.21    3.10
-218550.203   402.190     1.70    3.13
-218173.693   403.182     2.63    3.87
-217797.169   403.476     0.78    3.81
-217420.631   404.738     3.35    3.87
-217044.078   406.108     3.64    4.59
-216667.510   407.667     4.14    3.86
-216290.929   410.248     6.85    5.30
-215914.333   409.976    -0.72    5.86
-215537.722   407.190    -7.40    6.78
-215161.097   403.980    -8.52    6.85
-214784.458   400.297    -9.78    6.74
-214407.805   397.541    -7.32    5.98
-214031.137   396.571    -2.57    6.84
-213654.454   394.028    -6.75    7.41
-213277.758   390.643    -8.99    6.38
-212901.046   386.541   -10.89    4.14
-212524.321   383.619    -7.75    3.89
-212147.581   381.370    -5.97    3.17
-211770.826   380.298    -2.84    1.94
-211394.058   380.905     1.61    2.27
-211017.274   381.470     1.50    2.66
-210640.477   383.182     4.54    3.65
-210263.664   385.297     5.61    5.65
-209886.838   388.133     7.53    8.02
-209509.997   391.785     9.69    8.39
-209133.142   396.973    13.77    9.62
-208756.272   401.415    11.78   11.79
-208379.387   402.667     3.32   11.21
-208002.489   404.633     5.22   11.08
-207625.575   401.809    -7.49   11.10
-207248.648   400.996    -2.16   11.47
-206871.706   402.238     3.29   12.78
-206494.749   401.952    -0.76   13.71
-206117.778   402.391     1.16   13.45
-205742.607   401.952    -1.17   10.89
-205368.481   398.980    -7.94    9.97
-204994.341   397.370    -4.30    9.59
-204620.187   390.443   -18.51   11.17
-204246.019   383.381   -18.87   10.68
-203871.837   376.714   -17.81   10.65
-203497.640   373.048    -9.80    8.65
-203123.429   373.524     1.27    8.30
-202749.203   374.474     2.54    9.20
-202374.964   375.402     2.48    9.49
-202000.710   374.516    -2.37    8.47
-201626.442   375.764     3.33    8.53
-201252.160   377.663     5.07    7.59
-200877.863   377.623    -0.11    7.43
-200503.552   374.061    -9.52    7.73
-200129.227   369.936   -11.02    5.35
-199754.887   367.762    -5.81    3.26
-199380.533   367.764     0.00    4.55
-199006.165   370.233     6.60    7.88
-198631.783   374.379    11.07    9.75
-198257.386   377.833     9.23    9.12
-197882.975   377.182    -1.74    9.76
-197508.549   374.578    -6.96    9.84
-197134.110   371.810    -7.39   10.20
-196759.656   368.159    -9.75    9.88
-196385.187   363.628   -12.10    9.45
-196010.705   359.811   -10.19    8.03
-195636.208   356.683    -8.35    4.94
-195261.696   355.394    -3.44    2.82
-194887.170   355.760     0.98    3.47
-194512.630   355.394    -0.98    3.00
-194138.076   354.976    -1.12    2.73
-193763.507   354.658    -0.85    1.55
-193388.924   354.333    -0.87    1.45
-193014.327   354.028    -0.81    1.65
-192639.715   353.452    -1.54    1.89
-192265.089   352.858    -1.59    2.04
-191890.448   352.024    -2.23    1.50
-191515.793   351.929    -0.25    2.21
-191141.124   353.214     3.43    4.58
-190766.440   355.272     5.49    5.89
-190391.742   355.714     1.18    7.21
-190017.030   353.624    -5.58    6.62
-189642.303   351.438    -5.83    5.90
-189267.562   350.214    -3.26    6.01
-188892.806   350.089    -0.33    6.00
-188518.036   352.690     6.94    8.36
-188143.252   358.238    14.80   12.13
-187768.453   363.905    15.12   11.88
-187393.640   369.785    15.68    9.33
-187018.812   370.619     2.23    7.98
-186643.970   368.690    -5.14    9.00
-186269.114   363.833   -12.96    8.89
-185894.243   359.321   -12.03    8.11
-185519.358   354.810   -12.03    7.53
-185144.458   350.785   -10.73    7.64
-184769.544   346.687   -10.93    7.63
-184394.615   342.150   -12.10    7.59
-184019.672   338.183   -10.58    6.16
-183644.715   335.220    -7.90    4.51
-183269.743   332.910    -6.16    4.37
-182894.756   331.357    -4.14    3.38
-182519.755   330.476    -2.35    3.30
-182144.740   332.368     5.04    7.42
-181769.710   333.368     2.67    8.93
-181394.666   335.754     6.36    9.12
-181019.607   340.697    13.18   10.80
-180644.534   343.308     6.96   11.05
-180269.447   343.356     0.13   12.06
-179894.344   343.095    -0.70   12.55
-179519.228   341.705    -3.71   11.97
-179144.097   339.174    -6.75    9.62
-178768.951   336.731    -6.51    7.69
-178393.791   333.095    -9.69    7.84
-178018.617   330.508    -6.90    7.42
-177643.427   328.233    -6.06    6.38
-177268.224   326.061    -5.79    5.49
-176893.006   324.939    -2.99    3.52
-176517.773   324.643    -0.79    3.01
-176142.526   325.554     2.43    3.99
-175767.264   328.333     7.40    6.10
-175391.988   331.238     7.74    6.64
-175016.698   331.449     0.56    7.35
-174641.392   328.484    -7.90    8.60
-174266.073   324.408   -10.86    8.84
-173890.738   319.224   -13.81    6.47
-173515.390   318.048    -3.13    6.15
-173140.026   319.516     3.91    6.73
-172764.648   324.048    12.07    8.76
-172389.256   327.785     9.95    8.35
-172013.849   326.663    -2.99    8.54
-171638.427   323.214    -9.18    9.38
-171262.991   317.333   -15.66    9.65
-170887.540   310.381   -18.51    6.38
-170512.075   307.089    -8.77    3.92
-170136.595   305.150    -5.16    2.23
-169761.101   304.476    -1.80    2.57
-169385.592   303.903    -1.53    2.95
-169010.068   303.095    -2.15    3.76
-168634.530   302.089    -2.68    3.24
-168258.978   301.043    -2.79    3.11
-167883.410   299.785    -3.35    2.32
-167507.828   299.028    -2.01    2.29
-167132.232   298.333    -1.85    1.85
-166756.621   298.024    -0.82    1.97
-166380.995   298.159     0.36    2.24
-166005.355   298.167     0.02    1.90
-165629.700   297.857    -0.83    1.52
-165254.030   297.619    -0.63    1.55
-164878.346   297.053    -1.51    1.84
-164502.647   296.690    -0.96    1.91
-164126.934   296.102    -1.57    1.95
-163751.205   295.714    -1.03    1.82
-163375.463   294.857    -2.28    2.09
-162999.705   293.952    -2.41    1.90
-162623.933   293.126    -2.20    2.26
-162248.147   292.238    -2.36    2.32
-161872.345   291.541    -1.86    2.03
-161496.530   290.955    -1.56    1.90
-161120.699   290.028    -2.47    2.08
-160744.854   289.583    -1.18    2.01
-160368.994   288.926    -1.75    1.74
-159993.119   288.533    -1.05    1.73
-159617.230   288.286    -0.66    1.73
-159241.326   287.786    -1.33    1.81
-158865.407   287.143    -1.71    1.41
-158489.474   286.742    -1.07    1.31
-158113.526   286.500    -0.64    1.28
-157737.563   285.879    -1.65    1.72
-157361.586   285.095    -2.08    1.50
-156985.594   284.112    -2.61    1.71
-156609.587   282.996    -2.97    1.90
-156233.566   282.044    -2.53    1.82
-155857.530   281.561    -1.28    1.85
-155481.479   281.008    -1.47    2.07
-155105.413   280.356    -1.73    1.99
-154729.333   279.714    -1.71    2.03
-154353.238   279.551    -0.43    1.86
-153977.128   280.242     1.84    2.31
-153601.004   280.756     1.37    2.66
-153224.864   281.095     0.90    2.92
-152848.710   281.538     1.18    3.31
-152472.542   281.808     0.72    3.21
-152096.358   281.242    -1.50    2.93
-151720.160   280.623    -1.65    3.03
-151343.947   279.345    -3.40    3.21
-150967.719   277.903    -3.83    3.14
-150591.477   277.571    -0.88    3.17
-150215.220   276.345    -3.26    3.26
-149838.948   275.013    -3.54    3.68
-149462.661   274.106    -2.41    3.24
-149086.360   272.687    -3.77    2.57
-148710.043   271.950    -1.96    2.95
-148333.712   270.810    -3.03    3.72
-147957.366   269.346    -3.89    3.62
-147581.006   267.742    -4.26    3.50
-147204.630   267.458    -0.75    3.61
-146828.240   267.905     1.19    3.60
-146451.835   268.762     2.28    3.60
-146075.415   269.565     2.13    3.58
-145698.981   270.061     1.32    2.97
-145322.531   270.500     1.17    3.05
-144946.067   271.429     2.47    3.47
-144569.588   272.043     1.63    3.45
-144193.094   272.955     2.42    3.59
-143816.586   272.690    -0.70    2.91
-143440.062   271.397    -3.43    3.43
-143063.524   270.595    -2.13    3.56
-142686.971   269.028    -4.16    3.23
-142310.403   268.429    -1.59    4.03
-141933.820   267.952    -1.26    4.69
-141557.222   267.785    -0.45    4.85
-141180.609   266.541    -3.30    4.73
-140803.982   264.785    -4.66    3.20
-140427.340   263.833    -2.53    2.32
-140050.683   262.857    -2.59    2.46
-139674.011   262.714    -0.38    2.39
-139297.324   263.333     1.64    3.20
-138920.622   264.524     3.16    3.91
-138543.906   264.554     0.08    3.72
-138167.174   263.947    -1.61    3.68
-137790.428   263.143    -2.13    2.28
-137413.667   263.089    -0.14    2.07
-137036.891   264.043     2.53    3.34
-136660.100   265.785     4.62    4.58
-136283.294   267.297     4.01    4.81
-135906.473   269.524     5.91    5.72
-135529.637   270.368     2.24    5.55
-135152.787   270.647     0.74    5.28
-134775.921   271.736     2.89    5.32
-134399.041   273.980     5.95    6.51
-134022.145   279.071    13.51   10.41
-133645.235   283.624    12.08   10.04
-133268.310   286.764     8.33    9.16
-132891.370   289.298     6.72    7.30
-132514.415   291.143     4.89    7.55
-132137.445   295.346    11.15    9.32
-131760.460   298.429     8.18    8.01
-131383.460   297.429    -2.65    8.69
-131006.445   295.159    -6.02   10.75
-130631.718   291.643    -9.38   12.50
-130257.645   286.229   -14.47   13.62
-129883.557   280.524   -15.25   15.12
-129509.454   274.589   -15.86   11.04
-129135.336   270.740   -10.29    8.95
-128761.204   268.143    -6.94    6.74
-128387.057   266.492    -4.41    6.94
-128012.895   264.167    -6.21    5.85
-127638.718   261.690    -6.62    4.31
-127264.527   260.233    -3.89    3.56
-126890.321   259.333    -2.40    3.97
-126516.100   258.083    -3.34    3.70
-126141.865   257.857    -0.60    4.92
-125767.615   256.738    -2.99    4.05
-125393.350   256.764     0.07    4.08
-125019.070   257.205     1.18    3.74
-124644.775   257.728     1.40    3.23
-124270.466   258.265     1.43    3.57
-123896.142   258.383     0.32    2.74
-123521.803   257.531    -2.28    3.60
-123147.450   256.452    -2.88    3.74
-122773.081   255.859    -1.58    3.62
-122398.698   254.720    -3.04    4.08
-122024.300   253.603    -2.98    3.76
-121649.888   252.500    -2.94    2.44
-121275.460   251.903    -1.59    2.43
-120901.018   251.524    -1.01    2.50
-120526.561   250.674    -2.27    2.64
-120152.089   249.808    -2.31    2.71
-119777.602   248.947    -2.30    3.21
-119403.101   248.619    -0.88    4.18
-119028.585   249.112     1.32    5.41
-118654.054   251.167     5.48    6.00
-118279.508   254.708     9.45    8.23
-117904.947   261.583    18.35   12.78
-117530.371   268.658    18.89   14.40
-117155.781   276.907    22.02   15.72
-116781.176   283.310    17.09   12.59
-116406.556   287.882    12.20    9.89
-116031.921   292.578    12.53    7.47
-115657.271   296.272     9.86    7.64
-115282.607   299.952     9.82    6.52
-114907.927   302.809     7.62    5.44
-114533.233   303.601     2.11    4.92
-114158.524   305.429     4.88    4.60
-113783.800   305.905     1.27    4.36
-113409.061   307.333     3.81    4.19
-113034.307   309.429     5.59    4.25
-112659.538   311.224     4.79    4.81
-112284.755   311.952     1.94    4.60
-111909.957   308.714    -8.64    6.47
-111535.143   304.624   -10.91    7.54
-111160.315   301.694    -7.82    6.38
-110785.472   301.738     0.12    5.92
-110410.614   302.633     2.39    5.55
-110035.741   304.119     3.96    4.49
-109660.854   305.019     2.40    4.37
-109285.951   304.903    -0.31    5.95
-108911.033   306.833     5.15    7.68
-108536.101   309.159     6.20    6.74
-108161.154   311.214     5.48    5.79
-107786.191   313.248     5.42    3.97
-107411.214   313.541     0.78    3.72
-107036.222   312.638    -2.41    4.42
-106661.215   311.000    -4.37    5.13
-106286.193   309.143    -4.95    6.21
-105911.156   305.929    -8.57    6.47
-105536.104   304.714    -3.24    5.84
-105161.037   305.333     1.65    5.78
-104785.955   306.089     2.01    5.35
-104410.859   307.272     3.15    4.74
-104035.747   308.452     3.15    4.68
-103660.620   309.524     2.86    4.02
-103285.479   310.758     3.29    3.82
-102910.322   312.333     4.20    3.09
-102535.151   313.038     1.88    2.53
-102159.964   312.857    -0.48    2.75
-101784.763   312.391    -1.24    2.83
-101409.546   311.205    -3.16    2.57
-101034.315   311.265     0.16    2.48
-100659.068   311.886     1.65    2.89
-100283.807   313.197     3.49    3.14
 -99908.530   314.458     3.36    3.64
 -99533.239   315.136     1.80    4.15
 -99157.932   314.381    -2.01    5.08
 -98782.611   313.474    -2.42    5.52
 -98407.275   311.402    -5.52    5.92
 -98031.923   308.833    -6.84    5.31
 -97656.557   306.690    -5.71    4.91
 -97281.175   305.152    -4.10    3.72
 -96905.779   306.783     4.35    5.80
 -96530.367   310.992    11.21    7.63
 -96154.940   316.175    13.80    7.03
 -95779.499   321.470    14.10    5.97
 -95404.042   325.764    11.44    5.28
 -95028.570   327.415     4.40    4.91
 -94653.084   328.391     2.60    4.40
 -94277.582   327.551    -2.24    3.56
 -93902.065   327.720     0.45    3.63
 -93526.533   328.370     1.73    3.56
 -93150.986   329.190     2.18    3.11
 -92775.424   329.931     1.97    3.06
 -92399.847   329.858    -0.19    3.37
 -92024.255   329.515    -0.91    3.29
 -91648.647   328.603    -2.43    2.89
 -91273.025   328.405    -0.53    3.34
 -90897.387   328.136    -0.72    3.38
 -90521.735   327.810    -0.87    3.43
 -90146.067   327.310    -1.33    3.30
 -89770.385   326.756    -1.47    3.22
 -89394.687   325.738    -2.71    3.38
 -89018.974   324.687    -2.80    3.15
 -88643.246   324.595    -0.24    3.33
 -88267.503   325.357     2.03    3.13
 -87891.744   326.690     3.55    3.59
 -87515.971   328.452     4.69    3.73
 -87140.183   330.126     4.45    3.24
 -86764.379   331.262     3.02    3.08
 -86388.560   331.902     1.70    3.10
 -86012.726   331.619    -0.75    2.66
 -85636.877   331.000    -1.65    2.54
 -85261.013   330.531    -1.25    2.13
 -84885.134   330.857     0.87    2.24
 -84509.240   330.952     0.25    2.35
 -84133.330   330.996     0.12    2.64
 -83757.405   331.043     0.12    3.53
 -83381.465   330.926    -0.31    4.40
 -83005.510   330.786    -0.37    4.71
 -82629.540   331.976     3.17    4.37
 -82253.555   332.443     1.24    4.21
 -81877.554   331.578    -2.30    4.60
 -81501.538   331.043    -1.42    4.49
 -81125.507   330.298    -1.98    3.72
 -80749.461   330.810     1.36    4.41
 -80373.400   332.452     4.37    4.83
 -79997.324   334.643     5.82    4.03
 -79621.232   335.762     2.98    3.69
 -79245.125   336.252     1.30    2.98
 -78869.003   337.182     2.47    3.29
 -78492.866   339.548     6.29    4.71
 -78116.713   342.980     9.12    4.84
 -77740.545   344.738     4.67    4.34
 -77364.362   346.671     5.14    3.69
 -76988.164   346.476    -0.52    3.92
 -76611.951   345.357    -2.97    4.51
 -76235.722   343.810    -4.11    5.60
 -75859.479   342.357    -3.86    5.32
 -75483.219   341.346    -2.69    5.50
 -75106.945   338.929    -6.42    5.65
 -74730.656   339.976     2.78    7.19
 -74354.351   339.976     0.00    8.93
 -73978.031   340.647     1.78   10.85
 -73601.695   341.321     1.79   13.49
 -73225.345   340.548    -2.06   14.16
 -72848.979   335.467   -13.50   15.87
 -72472.598   329.810   -15.03   18.22
 -72096.202   322.589   -19.18   19.36
 -71719.790   319.694    -7.69   19.28
 -71343.363   312.976   -17.84   18.35
 -70966.921   307.858   -13.60   15.58
 -70590.463   304.415    -9.15   12.97
 -70213.991   301.760    -7.05    7.89
 -69837.503   303.976     5.89    8.18
 -69460.999   305.881     5.06   11.76
 -69084.481   303.033    -7.56   17.47
 -68707.947   292.765   -27.27   22.08
 -68331.397   280.633   -32.22   21.13
 -67954.833   270.048   -28.11   12.17
 -67578.253   264.595   -14.48    7.69
 -67201.658   262.786    -4.80    8.71
 -66825.047   260.381    -6.38    9.83
 -66448.421   257.782    -6.90    9.51
 -66071.780   256.015    -4.69    8.14
 -65695.124   254.952    -2.82    4.52
 -65318.452   253.484    -3.90    4.77
 -64941.765   252.500    -2.61    5.66
 -64565.062   251.781    -1.91    6.23
 -64188.344   248.424    -8.91    7.19
 -63811.611   243.370   -13.42    8.40
 -63434.863   239.638    -9.90    7.39
 -63058.099   237.738    -5.04    4.64
 -62681.319   237.272    -1.24    3.86
 -62304.525   237.288     0.04    4.33
 -61927.715   235.295    -5.29    5.42
 -61550.889   232.810    -6.59    4.87
 -61174.048   232.229    -1.54    5.83
 -60797.192   232.229     0.00    6.29
 -60420.321   232.447     0.58    6.12
 -60043.434   232.321    -0.34    6.55
 -59666.531   232.288    -0.09    5.40
 -59289.614   234.595     6.12    7.71
 -58912.681   236.973     6.31    8.38
 -58535.732   238.229     3.33    8.45
 -58158.768   237.833    -1.05    9.29
 -57781.789   235.629    -5.85    9.17
 -57404.794   234.433    -3.17    8.90
 -57027.784   236.089     4.39    8.71
 -56650.758   236.310     0.58    9.30
 -56273.717   235.090    -3.23    8.88
 -55896.661   231.152   -10.44   10.17
 -55522.384   225.603   -14.83    9.59
 -55148.362   222.903    -7.22    9.10
 -54774.324   219.106   -10.15   10.62
 -54400.271   218.071    -2.77   10.91
 -54026.203   212.492   -14.91   12.39
 -53652.120   205.965   -17.45   12.79
 -53278.022   203.288    -7.16   11.35
 -52903.908   200.467    -7.54   11.13
 -52529.780   200.484     0.05   10.72
 -52155.636   203.272     7.45   10.41
 -51781.476   204.083     2.17   10.58
 -51407.302   203.652    -1.15   12.15
 -51033.112   203.860     0.56    9.40
 -50658.908   200.738    -8.34   11.04
 -50284.688   193.438   -19.51   16.98
 -49910.452   190.833    -6.96   16.65
 -49536.202   186.714   -11.01   14.92
 -49161.936   181.033   -15.18   17.90
 -48787.655   179.298    -4.64   18.45
 -48413.359   178.733    -1.51   19.10
 -48039.048   188.346    25.68   17.31
 -47664.721   197.905    25.54    8.19
 -47290.379   198.190     0.76    7.24
 -46916.022   197.548    -1.72    5.89
 -46541.649   196.738    -2.16    4.42
 -46167.262   194.671    -5.52    3.61
 -45792.859   193.214    -3.89    3.89
 -45418.440   191.810    -3.75    3.76
 -45044.007   191.262    -1.46    3.56
 -44669.558   191.322     0.16    3.07
 -44295.094   190.786    -1.43    2.63
 -43920.615   189.833    -2.54    3.08
 -43546.120   188.394    -3.84    3.03
 -43171.610   187.368    -2.74    2.36
 -42797.085   186.880    -1.30    2.02
 -42422.544   187.606     1.94    2.75
 -42047.989   187.926     0.86    2.80
 -41673.417   187.643    -0.76    3.44
 -41298.831   187.028    -1.64    4.53
 -40924.229   186.333    -1.86    4.46
 -40549.612   186.159    -0.47    4.58
 -40174.980   185.275    -2.36    5.23
 -39800.332   183.571    -4.55    6.32
 -39425.669   181.996    -4.20    5.79
 -39050.991   181.159    -2.23    5.43
 -38676.297   180.571    -1.57    4.79
 -38301.588   181.452     2.35    4.97
 -37926.864   182.190     1.97    4.32
 -37552.124   182.238     0.13    3.98
 -37177.369   182.690     1.21    3.87
 -36802.598   181.554    -3.03    4.12
 -36427.812   179.857    -4.53    3.63
 -36053.011   180.783     2.47    4.43
 -35678.195   180.606    -0.47    5.61
 -35303.363   179.248    -3.62    7.90
 -34928.516   170.214   -24.10   21.28
 -34553.653   157.043   -35.14   28.25
 -34178.775   148.571   -22.60   31.12
 -33803.881   144.924    -9.73   31.58
 -33428.973   142.808    -5.65   33.35
 -33054.048   146.083     8.74   33.48
 -32679.109   156.786    28.54   23.62
 -32304.154   162.043    14.02   20.96
 -31929.183   170.996    23.88   15.12
 -31554.198   174.781    10.09   11.50
 -31179.196   179.197    11.78    9.03
 -30804.180   181.859     7.10    6.87
 -30429.148   180.833    -2.73    8.82
 -30054.100   179.015    -4.85   12.72
 -29679.037   176.150    -7.64   13.79
 -29303.959   172.788    -8.96   17.65
 -28928.865   166.939   -15.59   23.79
 -28553.756   146.311   -54.99   38.16
 -28178.631   133.833   -33.26   38.56
 -27803.491   132.765    -2.85   37.18
 -27428.336   145.950    35.14   34.81
 -27053.165   167.936    58.60   15.65
 -26677.978   170.402     6.57   10.31
 -26302.777   172.269     4.98    9.18
 -25927.559   170.578    -4.51    8.10
 -25552.326   170.019    -1.49    6.57
 -25177.078   172.508     6.63    9.28
 -24801.814   175.470     7.89   13.66
 -24426.535   181.649    16.47   12.97
 -24051.240   184.447     7.45   10.88
 -23675.930   183.461    -2.63   12.78
 -23300.604   180.601    -7.62   13.54
 -22925.263   173.415   -19.15   14.49
 -22549.906   168.987   -11.80   18.04
 -22174.534   166.288    -7.19   20.82
 -21799.146   163.783    -6.67   20.91
 -21423.743   163.024    -2.02   15.36
 -21048.325   156.345   -17.79   29.47
 -20672.890   156.492     0.39   28.56
 -20297.441   155.220    -3.39   32.43
 -19921.975   149.663   -14.80   38.97
 -19546.494   142.048   -20.28   38.44
 -19170.998   120.391   -57.67   48.22
 -18795.486    99.738   -55.00   51.55
 -18419.959    73.357   -70.25   50.92
 -18044.416    49.558   -63.37   41.83
 -17668.857    28.996   -54.75   25.93
 -17293.283    16.858   -32.32    6.29
 -16917.694    14.224    -7.01    4.15
 -16542.088    11.548    -7.12    3.28
 -16166.468    10.095    -3.87    2.89
 -15790.831     8.619    -3.93    2.66
 -15415.179     7.548    -2.85    2.13
 -15039.512     6.879    -1.78    1.64
 -14663.829     6.242    -1.69    1.60
 -14288.130     6.019    -0.59    1.50
 -13912.416     5.952    -0.18    1.74
 -13536.686     6.043     0.24    2.56
 -13160.941     6.262     0.58    2.44
 -12785.180     6.286     0.06    2.42
 -12409.403     6.066    -0.58    2.31
 -12033.611     5.531    -1.42    1.15
 -11657.804     5.810     0.74    1.20
 -11281.980     5.671    -0.37    1.19
 -10906.141     5.671     0.00    1.29
 -10530.286     5.881     0.56    1.27
 -10154.416     5.881     0.00    1.29
  -9778.530     6.214     0.89    1.40
  -9402.629     6.252     0.10    1.42
  -9026.712     6.275     0.06    1.40
  -8650.779     6.262    -0.04    1.38
  -8274.830     6.405     0.38    1.38
  -7898.866     6.381    -0.06    1.43
  -7522.887     6.345    -0.10    1.40
  -7146.891     6.424     0.21    1.50
  -6770.880     6.275    -0.40    1.75
  -6394.854     6.205    -0.19    1.79
  -6018.811     6.663     1.22    1.39
  -5642.753     7.143     1.28    1.92
  -5266.680     7.740     1.59    2.24
  -4890.590     9.043     3.46    3.08
  -4514.485    10.554     4.02    3.44
  -4138.364    12.066     4.02    3.08
  -3762.228    13.786     4.57    2.83
  -3386.076    13.787     0.00    2.82
  -3009.908    14.112     0.87    2.73
  -2633.724    12.379    -4.61    3.74
  -2257.525    11.238    -3.03    4.28
  -1881.310     9.538    -4.52    5.08
  -1505.080     8.881    -1.75    5.11
  -1128.833     7.190    -4.49    5.86
   -752.571     5.089    -5.58    6.37
   -376.294     3.066    -5.38    5.71
      0.000     1.647    -3.77    4.46
    376.309     1.694     0.12    3.26
    752.634     3.667     5.24    3.12
   1128.975     5.238     4.18    2.79
   1505.331     5.926     1.83    2.15
   1881.704     6.167     0.64    2.10
   2258.092     6.929     2.02    2.59
   2634.495     6.856    -0.19    2.62
   3010.915     6.697    -0.42    2.89
   3387.350     6.833     0.36    2.90
   3763.801     5.571    -3.35    2.58
   4140.268     5.095    -1.26    2.10
   4516.750     4.952    -0.38    2.27
   4893.249     4.531    -1.12    1.93
   5269.763     4.476    -0.15    2.08
   5646.293     4.112    -0.97    2.02
   6022.838     4.095    -0.05    2.21
   6399.400     4.190     0.25    2.34
   6775.977     4.298     0.29    2.29
   7152.570     4.024    -0.73    2.02
   7529.179     3.333    -1.83    1.58
   7905.803     3.048    -0.76    1.26
   8282.444     2.810    -0.63    1.20
   8659.100     2.762    -0.13    1.31
   9035.772     2.787     0.07    1.34
   9412.460     2.976     0.50    1.34
   9789.164     2.908    -0.18    1.56
  10165.884     2.970     0.16    1.53
  10542.619     3.809     2.23    2.04
  10919.370     4.857     2.78    2.11
  11296.137     6.548     4.49    2.94
  11672.920     8.663     5.61    2.75
  12049.719    10.405     4.62    2.75
  12426.534    12.483     5.52    2.99
  12803.364    15.000     6.68    3.22
  13180.211    16.976     5.24    3.60
  13557.073    19.182     5.85    3.29
  13933.951    22.714     9.37    5.28
  14310.845    26.907    11.12    6.27
  14687.755    30.508     9.55    7.14
  15064.681    34.907    11.67    6.89
  15441.622    42.484    20.10   15.41
  15818.580    64.905    59.48   34.87
  16195.553    90.908    68.98   38.27
  16572.543   118.583    73.41   36.21
  16949.548   142.258    62.80   20.17
  17326.569   150.452    21.73   11.01
  17703.606   153.048     6.88    5.89
  18080.659   149.405    -9.66    7.10
  18457.728   146.452    -7.83    8.22
  18834.812   143.183    -8.67    8.57
  19211.773   141.415    -4.69    8.81
  19585.726   141.833     1.12    8.12
  19959.695   146.019    11.19    8.86
  20333.679   150.690    12.49    8.89
  20707.679   154.108     9.14    6.45
  21081.695   154.106    -0.01    6.94
  21455.726   153.679    -1.14    7.75
  21829.774   150.578    -8.29    8.68
  22203.836   145.717   -12.99   10.52
  22577.915   143.461    -6.03    9.48
  22952.009   144.765     3.49    8.94
  23326.119   145.544     2.08    7.20
  23700.244   144.970    -1.53    6.76
  24074.385   145.908     2.51    5.39
  24448.542   146.391     1.29    5.36
  24822.715   148.424     5.43    5.43
  25196.903   152.183    10.05    4.70
  25571.107   154.447     6.05    3.10
  25945.327   155.439     2.65    2.60
  26319.562   156.402     2.57    2.56
  26693.814   157.671     3.39    2.59
  27068.080   159.333     4.44    2.56
  27442.363   161.205     5.00    2.59
  27816.661   163.551     6.27    3.19
  28190.975   166.742     8.53    4.53
  28565.305   169.885     8.39    6.06
  28939.651   172.738     7.62    8.44
  29314.012   175.578     7.58    9.08
  29688.389   178.881     8.82    8.41
  30062.782   179.265     1.03    7.87
  30437.190   178.910    -0.95    6.76
  30811.615   176.470    -6.52    5.71
  31186.055   174.024    -6.53    4.40
  31560.511   172.066    -5.23    3.56
  31934.982   170.738    -3.55    2.60
  32309.470   171.053     0.84    3.05
  32683.973   170.811    -0.65    4.83
  33058.492   169.933    -2.34    8.21
  33433.026   167.452    -6.62    8.21
  33807.577   167.205    -0.66    9.92
  34182.143   166.881    -0.87    9.76
  34556.725   168.738     4.96   11.43
  34931.323   167.224    -4.04   11.53
  35305.937   166.880    -0.92   11.26
  35680.566   164.383    -6.66   11.25
  36055.212   162.880    -4.01    9.92
  36429.873   161.391    -3.97    8.82
  36804.550   160.643    -2.00    8.59
  37179.243   160.578    -0.17    8.01
  37553.951   159.275    -3.48    7.75
  37928.676   159.275     0.00    9.16
  38303.416   159.643     0.98   10.09
  38678.172   161.950     6.16    8.48
  39052.944   161.322    -1.68    7.99
  39427.732   159.671    -4.41    8.50
  39802.536   158.554    -2.98    8.81
  40177.355   160.310     4.68   10.45
  40552.191   163.310     8.00   11.25
  40927.042   168.671    14.30   11.67
  41301.909   170.484     4.84   10.80
  41676.792   172.554     5.52    8.64
  42051.691   172.926     0.99    7.46
  42426.606   176.345     9.12    9.60
  42801.537   180.643    11.46   10.67
  43176.483   186.714    16.19   11.13
  43551.446   191.578    12.97   10.33
  43926.424   195.242     9.77    9.30
  44301.418   198.787     9.45    7.53
  44676.428   199.159     0.99    6.75
  45051.454   196.601    -6.82    9.88
  45426.496   191.952   -12.39   13.87
  45801.554   187.905   -10.79   14.02
  46176.628   185.740    -5.77   13.08
  46551.718   184.833    -2.42   12.16
  46926.823   184.952     0.32    9.71
  47301.945   185.970     2.71    8.29
  47677.082   189.167     8.52    9.13
  48052.236   192.381     8.57    9.47
  48427.405   192.764     1.02   10.53
  48802.591   191.252    -4.03   11.88
  49177.792   189.571    -4.48   12.54
  49553.009   188.043    -4.07   11.50
  49928.242   189.786     4.65   10.89
  50303.491   192.043     6.01    9.80
  50678.757   194.976     7.82    8.84
  51054.038   197.484     6.68    7.34
  51429.335   197.833     0.93    6.53
  51804.648   195.996    -4.90    8.14
  52179.977   192.619    -9.00    8.17
  52555.322   188.308   -11.49    7.65
  52930.683   184.083   -11.26    7.98
  53306.060   179.433   -12.39    8.46
  53681.453   176.952    -6.61    7.07
  54056.862   179.333     6.34    7.09
  54432.287   180.717     3.69    6.00
  54807.728   181.190     1.26    4.38
  55183.185   179.272    -5.11    5.96
  55558.658   176.742    -6.74    7.17
  55934.147   171.907   -12.88    9.28
  56309.652   169.298    -6.95   10.04
  56685.173   166.881    -6.44    7.76
  57060.710   166.833    -0.13    5.95
  57436.263   170.992    11.08    7.27
  57811.832   174.731     9.95    7.40
  58187.418   177.857     8.32    6.50
  58563.019   182.048    11.16    5.22
  58938.636   185.043     7.97    5.74
  59314.270   189.275    11.27    7.18
  59689.919   193.308    10.74    6.78
  60065.585   197.402    10.90    7.47
  60441.266   201.028     9.65    7.46
  60816.964   204.415     9.01    7.76
  61192.678   207.976     9.48    6.14
  61568.408   208.224     0.66    5.10
  61944.153   205.856    -6.30    6.08
  62319.915   201.064   -12.75    7.47
  62695.694   193.740   -19.49    9.52
  63071.488   186.764   -18.57    9.18
  63447.298   183.717    -8.11    9.12
  63823.124   182.879    -2.23    9.51
  64198.967   184.044     3.10   10.69
  64574.825   187.902    10.26    9.98
  64950.700   192.175    11.37    6.79
  65326.591   193.531     3.61    5.19
  65702.498   193.182    -0.93    4.72
  66078.421   190.931    -5.99    6.20
  66454.360   186.902   -10.72    6.62
  66830.316   183.577    -8.84    5.37
  67206.287   180.531    -8.10    6.93
  67582.275   176.764   -10.02    9.21
  67958.278   173.903    -7.61    9.56
  68334.298   169.424   -11.91    8.26
  68710.334   166.596    -7.52    7.34
  69086.387   164.152    -6.50    7.22
  69462.455   160.283   -10.29    6.71
  69838.540   156.402   -10.32    6.01
  70214.640   152.229   -11.10    5.53
  70590.757   148.370   -10.26    5.00
  70966.890   145.652    -7.23    4.28
  71343.040   143.423    -5.92    3.36
  71719.205   142.926    -1.32    3.93
  72095.387   142.629    -0.79    4.04
  72471.585   141.880    -1.99    4.52
  72847.799   141.970     0.24    4.61
  73224.029   143.939     5.23    4.85
  73600.275   147.811    10.29    7.41
  73976.538   153.711    15.68    7.57
  74352.817   157.311     9.57    6.06
  74729.112   158.950     4.36    4.47
  75105.423   158.808    -0.38    4.31
  75481.751   157.629    -3.13    3.79
  75858.094   155.628    -5.32    3.78
  76234.454   154.066    -4.15    3.52
  76610.831   152.038    -5.39    3.77
  76987.223   149.647    -6.35    4.70
  77363.632   147.061    -6.87    8.55
  77740.057   147.202     0.37   11.85
  78116.498   146.947    -0.68   13.76
  78492.955   148.381     3.81   15.15
  78869.429   147.470    -2.42   16.45
  79245.919   142.190   -14.02   17.66
  79622.426   137.013   -13.75   15.95
  79998.948   132.629   -11.64   13.75
  80375.487   128.064   -12.12   12.29
  80752.042   127.531    -1.42   11.62
  81128.613   130.924     9.01   15.33
  81505.201   137.066    16.31   17.84
  81881.805   142.811    15.26   19.30
  82258.425   141.912    -2.39   18.25
  82635.062   143.061     3.05   17.83
  83011.715   146.024     7.87   16.23
  83388.384   145.720    -0.81   13.38
  83765.069   149.019     8.76   10.16
  84141.771   150.295     3.39    8.64
  84518.489   152.697     6.38    8.13
  84895.224   154.423     4.58    6.60
  85271.975   152.903    -4.03    7.20
  85648.742   149.447    -9.17    8.53
  86025.525   145.787    -9.71   10.39
  86402.325   138.606   -19.06   12.36
  86779.141   132.281   -16.79   11.66
  87155.974   126.811   -14.52    9.90
  87532.823   121.242   -14.78    7.24
  87909.688   118.345    -7.69    5.59
  88286.569   117.992    -0.94    5.93
  88663.467   117.939    -0.14    6.16
  89040.382   121.447     9.31    8.77
  89417.312   126.370    13.06    8.98
  89794.259   129.924     9.43    6.76
  90171.223   132.043     5.62    4.69
  90548.203   132.033    -0.02    4.27
  90925.199   131.265    -2.04    3.63
  91302.212   132.910     4.36    6.38
  91679.241   136.601     9.79    8.61
  92056.286   141.106    11.95    9.63
  92433.348   142.368     3.35    8.33
  92810.426   142.674     0.81    6.15
  93187.521   140.518    -5.72    6.46
  93564.632   137.242    -8.69    5.47
  93941.759   135.167    -5.50    3.75
  94318.349   135.601     1.15    3.97
  94692.248   137.903     6.16    4.23
  95066.163   139.808     5.10    4.00
  95440.095   142.538     7.30    3.82
  95814.042   144.654     5.66    3.91
  96188.006   146.811     5.77    3.86
  96561.986   147.764     2.55    3.22
  96935.982   147.038    -1.94    2.51
  97309.994   145.424    -4.31    3.04
  97684.023   143.910    -4.05    3.34
  98058.067   141.697    -5.92    2.85
  98432.128   139.683    -5.38    2.82
  98806.205   137.903    -4.76    2.86
  99180.298   136.066    -4.91    2.84
  99554.408   134.740    -3.54    2.91
  99928.533   133.152    -4.25    3.01
 100302.675   131.833    -3.52    3.71
 100676.833   128.606    -8.63    5.24
 101051.007   125.143    -9.26    4.98
 101425.197   123.159    -5.30    4.50
 101799.403   122.571    -1.57    5.76
 102173.626   122.614     0.11    5.69
 102547.865   122.970     0.95    5.34
 102922.120   123.108     0.37    4.37
 103296.391   121.765    -3.59    4.59
 103670.679   118.787    -7.96    6.65
 104044.983   115.671    -8.33    7.77
 104419.303   111.095   -12.22    7.99
 104793.639   107.958    -8.38    6.90
 105167.991   104.356    -9.62    6.41
 105542.360   100.883    -9.28    5.64
 105916.745    97.286    -9.61    5.86
 106291.146    95.038    -6.00    5.08
 106665.564    93.143    -5.06    4.62
 107039.998    91.810    -3.56    3.86
 107414.448    92.089     0.75    4.13
 107788.914    92.764     1.80    4.05
 108163.396    94.738     5.27    4.93
 108537.895    96.992     6.02    5.66
 108912.410    99.881     7.71    5.26
 109286.942   101.524     4.39    4.85
 109661.489   104.973     9.21    6.59
 110036.053   108.929    10.56    7.89
 110410.634   116.038    18.98   11.38
 110785.230   123.905    21.00   11.13
 111159.843   133.089    24.52   10.44
 111534.472   140.438    19.62    7.28
 111909.118   144.229    10.12    6.31
 112283.780   147.298     8.19    3.90
 112658.458   148.619     3.52    4.22
 113033.152   149.061     1.18    4.24
 113407.863   148.902    -0.42    5.15
 113782.590   148.119    -2.09    4.58
 114157.333   146.275    -4.92    5.46
 114532.093   143.717    -6.83    6.99
 114906.869   139.524   -11.19    7.81
 115281.662   136.167    -8.96    7.50
 115656.471   131.066   -13.61    9.51
 116031.296   127.833    -8.63   10.12
 116406.137   123.508   -11.54   11.62
 116780.995   117.924   -14.90   10.24
 117155.870   114.996    -7.81   10.61
 117530.760   111.242   -10.01   10.81
 117905.667   108.129    -8.31   11.52
 118280.591   102.742   -14.37    9.87
 118655.531    99.019    -9.93    9.31
 119030.487    95.833    -8.50    6.99
 119405.459    91.950   -10.36    5.07
 119780.448    89.879    -5.52    4.85
 120155.454    88.740    -3.04    4.81
 120530.475    88.643    -0.26    5.61
 120905.514    90.322     4.48    6.49
 121280.568    91.508     3.16    6.44
 121655.639    91.717     0.56    5.99
 122030.727    90.578    -3.04    5.95
 122405.830    87.531    -8.12    6.88
 122780.951    82.787   -12.65    9.35
 123156.088    77.762   -13.40    9.57
 123531.241    72.288   -14.59   10.33
 123906.410    66.652   -15.03   10.08
 124281.596    62.515   -11.03    8.87
 124656.799    58.508   -10.68    7.38
 125032.018    55.429    -8.21    6.06
 125407.253    53.524    -5.08    5.33
 125782.505    51.950    -4.20    5.60
 126157.773    50.167    -4.75    5.95
 126533.058    47.857    -6.16    5.97
 126908.359    45.720    -5.69    4.94
 127283.677    43.717    -5.34    5.24
 127659.011    42.595    -2.99    6.73
 128034.362    38.275   -11.51    8.35
 128409.729    33.159   -13.63   10.01
 128785.113    29.136   -10.72    9.29
 129160.513    25.391    -9.97    6.98
 129535.930    23.182    -5.89    4.73
 129911.363    21.811    -3.65    4.83
 130286.813    19.905    -5.08    3.93
 130662.279    18.083    -4.85    2.95
 131037.762    16.298    -4.75    2.61
 131413.261    15.461    -2.23    2.81
 131788.777    14.717    -1.98    4.27
 132164.309    15.000     0.75    7.16
 132539.858    15.902     2.40    8.80
 132915.423    16.205     0.81   10.16
 133291.005    15.310    -2.39   10.71
 133666.604    12.298    -8.02   10.21
 134042.219     9.856    -6.50    8.31
 134417.850     6.629    -8.59    5.54
 134793.498     6.357    -0.72    7.10
 135169.163     9.461     8.26    9.71
 135544.844    11.647     5.82   10.17
 135920.542    13.690     5.44    9.85
 136296.257    13.322    -0.98    8.48
 136671.988    12.024    -3.45    7.95
 137047.735    10.788    -3.29    7.13
 137423.499     9.647    -3.04    6.51
 137799.280    10.112     1.24    7.41
 138175.077     8.452    -4.42    7.34
 138550.891     6.697    -4.67    7.76
 138926.722     3.857    -7.56    6.72
 139302.569     1.150    -7.20    5.42
 139678.433    -1.303    -6.53    4.82
 140054.313    -4.888    -9.54    4.71
 140430.210    -6.881    -5.30    4.32
 140806.124    -9.167    -6.08    3.20
 141182.054   -11.429    -6.02    2.91
 141558.001   -12.725    -3.45    4.00
 141933.964   -14.214    -3.96    4.27
 142309.945   -15.329    -2.97    4.24
 142685.941   -16.524    -3.18    4.25
 143061.955   -16.539    -0.04    4.21
 143437.985   -16.678    -0.37    4.06
 143814.032   -16.167     1.36    3.75
 144190.095   -15.348     2.18    3.73
 144566.175   -14.762     1.56    3.86
 144942.272   -13.548     3.23    4.11
 145318.385   -12.167     3.67    3.59
 145694.515   -11.738     1.14    2.86
 146070.662   -11.235     1.34    2.04
 146446.826   -12.095    -2.29    1.61
 146823.006   -12.562    -1.24    1.45
 147199.203   -12.548     0.04    1.68
 147575.416   -12.539     0.02    1.81
 147951.646   -12.439     0.26    2.06
 148327.893   -12.143     0.79    2.07
 148704.157   -12.394    -0.67    1.85
 149080.437   -12.655    -0.69    1.61
 149456.734   -12.690    -0.09    1.53
 149833.048   -13.097    -1.08    2.18
 150209.379   -13.758    -1.76    2.99
 150585.726   -14.894    -3.02    3.69
 150962.090   -16.429    -4.08    4.40
 151338.471   -17.050    -1.65    4.02
 151714.868   -17.833    -2.08    3.55
 152091.282   -18.120    -0.76    3.34
 152467.713   -17.439     1.81    3.62
 152844.161   -16.238     3.19    3.41
 153220.626   -15.417     2.18    2.85
 153597.107   -14.841     1.53    2.49
 153973.605   -14.476     0.97    2.43
 154350.120   -13.748     1.93    2.21
 154726.651   -13.439     0.82    1.88
 155103.200   -13.485    -0.12    1.79
 155479.765   -13.452     0.09    1.40
 155856.347   -13.394     0.16    1.63
 156232.945   -12.795     1.59    1.90
 156609.561   -12.667     0.34    1.99
 156986.193   -12.985    -0.84    2.03
 157362.842   -13.381    -1.05    1.60
 157739.508   -13.655    -0.73    1.32
 158116.191   -13.702    -0.12    1.14
 158492.890   -13.689     0.03    1.13
 158869.607   -13.283     1.08    1.38
 159246.340   -13.097     0.49    1.44
 159623.090   -13.348    -0.67    1.47
 159999.857   -13.609    -0.69    1.33
 160376.640   -13.841    -0.62    1.11
 160753.441   -13.934    -0.25    1.04
 161130.258   -13.989    -0.15    1.09
 161507.093   -14.236    -0.66    1.26
 161883.944   -14.524    -0.76    1.16
 162260.812   -14.748    -0.60    1.03
 162637.696   -14.957    -0.56    0.91
 163014.598   -15.144    -0.50    0.79
 163391.517   -15.260    -0.31    0.78
 163768.452   -15.422    -0.43    0.93
 164145.404   -15.725    -0.80    0.96
 164522.373   -15.957    -0.62    1.15
 164899.360   -16.371    -1.10    1.11
 165276.362   -16.353     0.05    1.14
 165653.382   -16.256     0.26    1.14
 166030.419   -16.167     0.24    1.19
 166407.473   -16.050     0.31    1.16
 166784.543   -15.981     0.19    1.07
 167161.631   -16.008    -0.07    1.01
 167538.735   -15.888     0.32    1.18
 167915.857   -15.553     0.89    1.26
 168292.995   -15.417     0.36    1.14
 168670.150   -15.371     0.12    1.00
 169047.322   -15.213     0.42    0.90
 169423.536   -15.121     0.24    0.96
 169797.380   -14.934     0.50    1.44
 170171.240   -15.100    -0.44    1.56
 170545.117   -15.310    -0.56    1.68
 170919.010   -15.632    -0.86    1.56
 171292.920   -16.027    -1.06    1.25
 171666.847   -16.236    -0.56    1.28
 172040.790   -16.516    -0.75    1.17
 172414.750   -16.748    -0.62    1.14
 172788.727   -16.967    -0.58    1.16
 173162.721   -17.048    -0.22    1.31
 173536.731   -16.976     0.19    1.44
 173910.757   -17.097    -0.32    1.28
 174284.801   -16.818     0.75    1.38
 174658.861   -16.848    -0.08    1.25
 175032.937   -16.981    -0.35    1.33
 175407.031   -16.789     0.51    1.25
 175781.141   -16.848    -0.16    1.18
 176155.268   -17.095    -0.66    1.33
 176529.411   -17.329    -0.63    1.27
 176903.571   -17.771    -1.18    1.28
 177277.748   -17.702     0.19    1.20
 177651.942   -17.678     0.06    1.24
 178026.152   -17.476     0.54    1.14
 178400.379   -17.394     0.22    1.55
 178774.623   -17.381     0.03    1.72
 179148.883   -17.050     0.88    2.17
 179523.160   -16.888     0.44    1.98
 179897.454   -16.952    -0.17    2.05
 180271.765   -16.553     1.07    2.12
 180646.092   -16.619    -0.18    1.95
 181020.437   -16.522     0.26    1.94
 181394.797   -16.595    -0.20    1.99
 181769.175   -16.539     0.15    1.76
 182143.569   -16.310     0.61    1.65
 182517.981   -15.848     1.23    1.94
 182892.409   -14.524     3.54    2.73
 183266.853   -13.289     3.30    3.30
 183641.315   -11.917     3.66    3.97
 184015.793   -10.092     4.87    4.17
 184390.288    -8.446     4.40    3.88
 184764.800    -6.690     4.69    3.33
 185139.328    -5.576     2.98    3.67
 185513.874    -4.439     3.03    3.58
 185888.436    -3.217     3.26    3.54
 186263.015    -2.144     2.86    3.63
 186637.611    -0.642     4.01    3.53
 187012.223     0.976     4.32    3.97
 187386.853     3.252     6.08    4.03
 187761.499     5.903     7.08    4.38
 188136.162     8.538     7.03    4.42
 188510.842    11.508     7.93    5.11
 188885.539    13.265     4.69    5.20
 189260.252    14.272     2.69    5.40
 189634.983    14.619     0.93    5.77
 190009.730    14.810     0.51    5.36
 190384.494    15.762     2.54    5.19
 190759.275    18.129     6.32    5.37
 191134.073    21.658     9.42    5.31
 191508.888    25.220     9.50    4.54
 191883.719    29.190    10.60    4.25
 192258.568    31.697     6.69    4.99
 192633.433    35.624    10.48    5.91
 193008.315    41.297    15.13    7.95
 193383.214    47.583    16.77    9.75
 193758.130    55.936    22.28   11.22
 194133.063    62.470    17.43    9.83
 194508.013    66.298    10.21    6.93
 194882.979    65.950    -0.93    6.82
 195257.963    62.500    -9.20    7.18
 195632.963    59.758    -7.31    7.01
 196007.980    56.538    -8.59    6.85
 196383.015    53.885    -7.08    5.69
 196758.066    51.926    -5.22    6.31
 197133.134    48.788    -8.37    6.63
 197508.219    46.717    -5.52    6.69
 197883.321    42.992    -9.93    6.78
 198258.440    40.603    -6.37    6.19
 198633.576    37.152    -9.20    5.98
 199008.728    32.996   -11.08    5.32
 199383.898    30.242    -7.34    4.69
 199759.085    27.220    -8.06    5.12
 200134.288    24.786    -6.49    5.11
 200509.509    26.902     5.64    9.59
 200884.746    37.731    28.86   20.16
 201260.001    46.674    23.84   20.62
 201635.272    54.043    19.64   19.03
 202010.561    49.950   -10.91   23.20
 202385.866    36.144   -36.79   24.18
 202761.189    21.983   -37.74   18.14
 203136.528    15.061   -18.45   10.86
 203511.885    13.202    -4.95    9.38
 203887.258    17.045    10.24   15.68
